123  = mDIM
4 = nBLOCK
4 4 -113 1  = bLOCKsTRUCT
{2, 2, 2, 2, 0, 0, 0, 0, 0, 0, 0, 0, 0, 0, 0, 0, 0, 0, 0, 0, 0, 0, 0, 0, 0, 0, 0, 0, 0, 0, 0, 0, 0, 0, 0, 0, 0, 0, 0, 0, 0, 0, 0, 0, 0, 0, 0, 0, 0, 0, 0, 0, 0, 0, 0, 0, 0, 0, 0, 0, 0, 0, 0, 0, 0, 0, 0, 0, 0, 0, 0, 0, 0, 0, 0, 0, 0, 0, 0, 0, 0, 0, 0, 0, 0, 0, 0, 0, 0, 0, 0, 0, 0, 0, 0, 0, 0, 0, 0, 0, 0, 0, 0, 0, 0, 0, 0, 0, 0, 0, 0, 0, 0, 0, 0, 0, 0, 0, 0, 0, 0, 0, 0, }
{{{0, 0, 0, 0, },
{0, 0, 0, 0, },
{0, 0, 0, 0, },
{0, 0, 0, 0, },
}
{{1.0322199910443951825370568058699449674817984249984, -0.24964414415691513657040875650254540360419842024872, 0.49145164964821400800347639900823902771258683178537, 0.83373553931885953917099263735617190836681126665716, },
{-0.24964414415691513657040875650254540360419842024872, 0.060376856922506729808199860262100655358211408459222, -0.11885840957875398199861656048022289808127879477059, -0.20164034505461239299216840491898668302761156981898, },
{0.49145164964821400800347639900823902771258683178537, -0.11885840957875398199861656048022289808127879477059, 0.23398570657169441464758858990652262964008210049457, 0.39695095011095769699479522807131714315221548411488, },
{0.83373553931885953917099263735617190836681126665716, -0.20164034505461239299216840491898668302761156981898, 0.39695095011095769699479522807131714315221548411488, 0.67341744546140367300715474396143174751990806604776, },
}
{{0, 0, 0, 0, 0, 0, 0, 0, 0, 0, 0, 0, 0, 0, 0, 0, 0, 0, 0, 0, 0, 0, 0, 0, 0, 0, 0, 0, 0, 0, 0, 0, 0, 0, 0, 0, 0, 0, 0, 0, 0, 0, 0, 0, 0, 0, 0, 0, 0, 0, 0, 0, 0, 0, 0, 0, 0, 0, 0, 0, 0, 0, 0, 0, 0, 0, 0, 0, 0, 0, 0, 0, 0, 0, 0, 0, 0, 0, 0, 0, 0, 0, 0, 0, 0, 0, 0, 0, 0, 0, 0, 0, 0, 0, 0, 0, 0, 0, 0, 0, 0, 0, 0, 0, 0, 0, 0, 0, 0, 0, 0, 0, 0, }
}
{{-1, },
}
}
{{{1, 0, 0, 0, },
{0, 0, 0, 0, },
{0, 0, 0, 0, },
{0, 0, 0, 0, },
}
{{1, 0, 0, 0, },
{0, 0, 0, 0, },
{0, 0, 0, 0, },
{0, 0, 0, 0, },
}
{{0, 0, 0, 0, 0, 0, 0, 0, 0, 0, 0, 0, 0, 0, 0, 0, 0, 0, 0, 0, 0, 0, 0, 0, 0, 0, 0, 0, 0, 0, 0, 0, 0, 0, 0, 0, 0, 0, 0, 0, 0, 0, 0, 0, 0, 0, 0, 0, 0, 0, 0, 0, 0, 0, 0, 0, 0, 0, 0, 0, 0, 0, 0, 0, 0, 0, 0, 0, 0, 0, 0, 0, 0, 0, 0, 0, 0, 0, 0, 0, 0, 0, 0, 0, 0, 0, 0, 0, 0, 0, 0, 0, 0, 0, 0, 0, 0, 0, 0, 0, 0, 0, 0, 0, 0, 0, 0, 0, 0, 0, 0, 0, 0, }
}
{{0, },
}
}
{{{0, 0, 0, 0, },
{0, 1, 0, 0, },
{0, 0, 0, 0, },
{0, 0, 0, 0, },
}
{{0, 0, 0, 0, },
{0, 1, 0, 0, },
{0, 0, 0, 0, },
{0, 0, 0, 0, },
}
{{0, 0, 0, 0, 0, 0, 0, 0, 0, 0, 0, 0, 0, 0, 0, 0, 0, 0, 0, 0, 0, 0, 0, 0, 0, 0, 0, 0, 0, 0, 0, 0, 0, 0, 0, 0, 0, 0, 0, 0, 0, 0, 0, 0, 0, 0, 0, 0, 0, 0, 0, 0, 0, 0, 0, 0, 0, 0, 0, 0, 0, 0, 0, 0, 0, 0, 0, 0, 0, 0, 0, 0, 0, 0, 0, 0, 0, 0, 0, 0, 0, 0, 0, 0, 0, 0, 0, 0, 0, 0, 0, 0, 0, 0, 0, 0, 0, 0, 0, 0, 0, 0, 0, 0, 0, 0, 0, 0, 0, 0, 0, 0, 0, }
}
{{0, },
}
}
{{{0, 0, 0, 0, },
{0, 0, 0, 0, },
{0, 0, 1, 0, },
{0, 0, 0, 0, },
}
{{0, 0, 0, 0, },
{0, 0, 0, 0, },
{0, 0, 1, 0, },
{0, 0, 0, 0, },
}
{{0, 0, 0, 0, 0, 0, 0, 0, 0, 0, 0, 0, 0, 0, 0, 0, 0, 0, 0, 0, 0, 0, 0, 0, 0, 0, 0, 0, 0, 0, 0, 0, 0, 0, 0, 0, 0, 0, 0, 0, 0, 0, 0, 0, 0, 0, 0, 0, 0, 0, 0, 0, 0, 0, 0, 0, 0, 0, 0, 0, 0, 0, 0, 0, 0, 0, 0, 0, 0, 0, 0, 0, 0, 0, 0, 0, 0, 0, 0, 0, 0, 0, 0, 0, 0, 0, 0, 0, 0, 0, 0, 0, 0, 0, 0, 0, 0, 0, 0, 0, 0, 0, 0, 0, 0, 0, 0, 0, 0, 0, 0, 0, 0, }
}
{{0, },
}
}
{{{0, 0, 0, 0, },
{0, 0, 0, 0, },
{0, 0, 0, 0, },
{0, 0, 0, 1, },
}
{{0, 0, 0, 0, },
{0, 0, 0, 0, },
{0, 0, 0, 0, },
{0, 0, 0, 1, },
}
{{0, 0, 0, 0, 0, 0, 0, 0, 0, 0, 0, 0, 0, 0, 0, 0, 0, 0, 0, 0, 0, 0, 0, 0, 0, 0, 0, 0, 0, 0, 0, 0, 0, 0, 0, 0, 0, 0, 0, 0, 0, 0, 0, 0, 0, 0, 0, 0, 0, 0, 0, 0, 0, 0, 0, 0, 0, 0, 0, 0, 0, 0, 0, 0, 0, 0, 0, 0, 0, 0, 0, 0, 0, 0, 0, 0, 0, 0, 0, 0, 0, 0, 0, 0, 0, 0, 0, 0, 0, 0, 0, 0, 0, 0, 0, 0, 0, 0, 0, 0, 0, 0, 0, 0, 0, 0, 0, 0, 0, 0, 0, 0, 0, }
}
{{0, },
}
}
{{{0, 1, 0, 0, },
{1, 0, 0, 0, },
{0, 0, 0, 0, },
{0, 0, 0, 0, },
}
{{0, 1, 0, 0, },
{1, 0, 0, 0, },
{0, 0, 0, 0, },
{0, 0, 0, 0, },
}
{{0, 0, 0, 0, 0, 0, 0, 0, 0, 0, 0, 0, 0, 0, 0, 0, 0, 0, 0, 0, 0, 0, 0, 0, 0, 0, 0, 0, 0, 0, 0, 0, 0, 0, 0, 0, 0, 0, 0, 0, 0, 0, 0, 0, 0, 0, 0, 0, 0, 0, 0, 0, 0, 0, 0, 0, 0, 0, 0, 0, 0, 0, 0, 0, 0, 0, 0, 0, 0, 0, 0, 0, 0, 0, 0, 0, 0, 0, 0, 0, 0, 0, 0, 0, 0, 0, 0, 0, 0, 0, 0, 0, 0, 0, 0, 0, 0, 0, 0, 0, 0, 0, 0, 0, 0, 0, 0, 0, 0, 0, 0, 0, 0, }
}
{{0, },
}
}
{{{0, 0, 1, 0, },
{0, 0, 0, 0, },
{1, 0, 0, 0, },
{0, 0, 0, 0, },
}
{{0, 0, 1, 0, },
{0, 0, 0, 0, },
{1, 0, 0, 0, },
{0, 0, 0, 0, },
}
{{0, 0, 0, 0, 0, 0, 0, 0, 0, 0, 0, 0, 0, 0, 0, 0, 0, 0, 0, 0, 0, 0, 0, 0, 0, 0, 0, 0, 0, 0, 0, 0, 0, 0, 0, 0, 0, 0, 0, 0, 0, 0, 0, 0, 0, 0, 0, 0, 0, 0, 0, 0, 0, 0, 0, 0, 0, 0, 0, 0, 0, 0, 0, 0, 0, 0, 0, 0, 0, 0, 0, 0, 0, 0, 0, 0, 0, 0, 0, 0, 0, 0, 0, 0, 0, 0, 0, 0, 0, 0, 0, 0, 0, 0, 0, 0, 0, 0, 0, 0, 0, 0, 0, 0, 0, 0, 0, 0, 0, 0, 0, 0, 0, }
}
{{0, },
}
}
{{{0, 0, 0, 1, },
{0, 0, 0, 0, },
{0, 0, 0, 0, },
{1, 0, 0, 0, },
}
{{0, 0, 0, 1, },
{0, 0, 0, 0, },
{0, 0, 0, 0, },
{1, 0, 0, 0, },
}
{{0, 0, 0, 0, 0, 0, 0, 0, 0, 0, 0, 0, 0, 0, 0, 0, 0, 0, 0, 0, 0, 0, 0, 0, 0, 0, 0, 0, 0, 0, 0, 0, 0, 0, 0, 0, 0, 0, 0, 0, 0, 0, 0, 0, 0, 0, 0, 0, 0, 0, 0, 0, 0, 0, 0, 0, 0, 0, 0, 0, 0, 0, 0, 0, 0, 0, 0, 0, 0, 0, 0, 0, 0, 0, 0, 0, 0, 0, 0, 0, 0, 0, 0, 0, 0, 0, 0, 0, 0, 0, 0, 0, 0, 0, 0, 0, 0, 0, 0, 0, 0, 0, 0, 0, 0, 0, 0, 0, 0, 0, 0, 0, 0, }
}
{{0, },
}
}
{{{0, 0, 0, 0, },
{0, 0, 1, 0, },
{0, 1, 0, 0, },
{0, 0, 0, 0, },
}
{{0, 0, 0, 0, },
{0, 0, 1, 0, },
{0, 1, 0, 0, },
{0, 0, 0, 0, },
}
{{0, 0, 0, 0, 0, 0, 0, 0, 0, 0, 0, 0, 0, 0, 0, 0, 0, 0, 0, 0, 0, 0, 0, 0, 0, 0, 0, 0, 0, 0, 0, 0, 0, 0, 0, 0, 0, 0, 0, 0, 0, 0, 0, 0, 0, 0, 0, 0, 0, 0, 0, 0, 0, 0, 0, 0, 0, 0, 0, 0, 0, 0, 0, 0, 0, 0, 0, 0, 0, 0, 0, 0, 0, 0, 0, 0, 0, 0, 0, 0, 0, 0, 0, 0, 0, 0, 0, 0, 0, 0, 0, 0, 0, 0, 0, 0, 0, 0, 0, 0, 0, 0, 0, 0, 0, 0, 0, 0, 0, 0, 0, 0, 0, }
}
{{0, },
}
}
{{{0, 0, 0, 0, },
{0, 0, 0, 1, },
{0, 0, 0, 0, },
{0, 1, 0, 0, },
}
{{0, 0, 0, 0, },
{0, 0, 0, 1, },
{0, 0, 0, 0, },
{0, 1, 0, 0, },
}
{{0, 0, 0, 0, 0, 0, 0, 0, 0, 0, 0, 0, 0, 0, 0, 0, 0, 0, 0, 0, 0, 0, 0, 0, 0, 0, 0, 0, 0, 0, 0, 0, 0, 0, 0, 0, 0, 0, 0, 0, 0, 0, 0, 0, 0, 0, 0, 0, 0, 0, 0, 0, 0, 0, 0, 0, 0, 0, 0, 0, 0, 0, 0, 0, 0, 0, 0, 0, 0, 0, 0, 0, 0, 0, 0, 0, 0, 0, 0, 0, 0, 0, 0, 0, 0, 0, 0, 0, 0, 0, 0, 0, 0, 0, 0, 0, 0, 0, 0, 0, 0, 0, 0, 0, 0, 0, 0, 0, 0, 0, 0, 0, 0, }
}
{{0, },
}
}
{{{0, 0, 0, 0, },
{0, 0, 0, 0, },
{0, 0, 0, 1, },
{0, 0, 1, 0, },
}
{{0, 0, 0, 0, },
{0, 0, 0, 0, },
{0, 0, 0, 1, },
{0, 0, 1, 0, },
}
{{0, 0, 0, 0, 0, 0, 0, 0, 0, 0, 0, 0, 0, 0, 0, 0, 0, 0, 0, 0, 0, 0, 0, 0, 0, 0, 0, 0, 0, 0, 0, 0, 0, 0, 0, 0, 0, 0, 0, 0, 0, 0, 0, 0, 0, 0, 0, 0, 0, 0, 0, 0, 0, 0, 0, 0, 0, 0, 0, 0, 0, 0, 0, 0, 0, 0, 0, 0, 0, 0, 0, 0, 0, 0, 0, 0, 0, 0, 0, 0, 0, 0, 0, 0, 0, 0, 0, 0, 0, 0, 0, 0, 0, 0, 0, 0, 0, 0, 0, 0, 0, 0, 0, 0, 0, 0, 0, 0, 0, 0, 0, 0, 0, }
}
{{0, },
}
}
{{{0, 0, 0, 0, },
{0, 0, 0, 0, },
{0, 0, 0, 0, },
{0, 0, 0, 0, },
}
{{0.53661165235168155944989445473689387008939550778894, -0.14016504294495532165031663578931838973181347663318, 0.61871843353822908385073881684174290937423144547741, 0.61871843353822908385073881684174290937423144547741, },
{-0.14016504294495532165031663578931838973181347663318, 0.036611652351681559449894454736893870089395507788941, -0.16161165235168155944989445473689387008939550778894, -0.16161165235168155944989445473689387008939550778894, },
{0.61871843353822908385073881684174290937423144547741, -0.16161165235168155944989445473689387008939550778894, 0.71338834764831844055010554526310612991060449221106, 0.71338834764831844055010554526310612991060449221106, },
{0.61871843353822908385073881684174290937423144547741, -0.16161165235168155944989445473689387008939550778894, 0.71338834764831844055010554526310612991060449221106, 0.71338834764831844055010554526310612991060449221106, },
}
{{1, 0, 0, 0, 0, 0, 0, 0, 0, 0, 0, 0, 0, 0, 0, 0, 0, 0, 0, 0, 0, 0, 0, 0, 0, 0, 0, 0, 0, 0, 0, 0, 0, 0, 0, 0, 0, 0, 0, 0, 0, 0, 0, 0, 0, 0, 0, 0, 0, 0, 0, 0, 0, 0, 0, 0, 0, 0, 0, 0, 0, 0, 0, 0, 0, 0, 0, 0, 0, 0, 0, 0, 0, 0, 0, 0, 0, 0, 0, 0, 0, 0, 0, 0, 0, 0, 0, 0, 0, 0, 0, 0, 0, 0, 0, 0, 0, 0, 0, 0, 0, 0, 0, 0, 0, 0, 0, 0, 0, 0, 0, 0, 0, }
}
{{-1, },
}
}
{{{0, 0, 0, 0, },
{0, 0, 0, 0, },
{0, 0, 0, 0, },
{0, 0, 0, 0, },
}
{{0.53661165235168155944989445473689387008939550778894, 0.058058261758407797249472273684469350446977538944704, 0.8169417382415922027505277263155306495530224610553, 0.33838834764831844055010554526310612991060449221106, },
{0.058058261758407797249472273684469350446977538944704, 0.0062815664617709161492611831582570906257685545225852, 0.088388347648318440550105545263106129910604492211059, 0.036611652351681559449894454736893870089395507788941, },
{0.8169417382415922027505277263155306495530224610553, 0.088388347648318440550105545263106129910604492211059, 1.2437184335382290838507388168417429093742314454774, 0.51516504294495532165031663578931838973181347663318, },
{0.33838834764831844055010554526310612991060449221106, 0.036611652351681559449894454736893870089395507788941, 0.51516504294495532165031663578931838973181347663318, 0.21338834764831844055010554526310612991060449221106, },
}
{{0, 1, 0, 0, 0, 0, 0, 0, 0, 0, 0, 0, 0, 0, 0, 0, 0, 0, 0, 0, 0, 0, 0, 0, 0, 0, 0, 0, 0, 0, 0, 0, 0, 0, 0, 0, 0, 0, 0, 0, 0, 0, 0, 0, 0, 0, 0, 0, 0, 0, 0, 0, 0, 0, 0, 0, 0, 0, 0, 0, 0, 0, 0, 0, 0, 0, 0, 0, 0, 0, 0, 0, 0, 0, 0, 0, 0, 0, 0, 0, 0, 0, 0, 0, 0, 0, 0, 0, 0, 0, 0, 0, 0, 0, 0, 0, 0, 0, 0, 0, 0, 0, 0, 0, 0, 0, 0, 0, 0, 0, 0, 0, 0, }
}
{{-1, },
}
}
{{{0, 0, 0, 0, },
{0, 0, 0, 0, },
{0, 0, 0, 0, },
{0, 0, 0, 0, },
}
{{1.4267766952966368811002110905262122598212089844221, -0.32322330470336311889978890947378774017879101557788, 0.78033008588991064330063327157863677946362695326636, 0.32322330470336311889978890947378774017879101557788, },
{-0.32322330470336311889978890947378774017879101557788, 0.073223304703363118899788909473787740178791015577881, -0.17677669529663688110021109052621225982120898442212, -0.073223304703363118899788909473787740178791015577881, },
{0.78033008588991064330063327157863677946362695326636, -0.17677669529663688110021109052621225982120898442212, 0.42677669529663688110021109052621225982120898442212, 0.17677669529663688110021109052621225982120898442212, },
{0.32322330470336311889978890947378774017879101557788, -0.073223304703363118899788909473787740178791015577881, 0.17677669529663688110021109052621225982120898442212, 0.073223304703363118899788909473787740178791015577881, },
}
{{0, 0, 1, 0, 0, 0, 0, 0, 0, 0, 0, 0, 0, 0, 0, 0, 0, 0, 0, 0, 0, 0, 0, 0, 0, 0, 0, 0, 0, 0, 0, 0, 0, 0, 0, 0, 0, 0, 0, 0, 0, 0, 0, 0, 0, 0, 0, 0, 0, 0, 0, 0, 0, 0, 0, 0, 0, 0, 0, 0, 0, 0, 0, 0, 0, 0, 0, 0, 0, 0, 0, 0, 0, 0, 0, 0, 0, 0, 0, 0, 0, 0, 0, 0, 0, 0, 0, 0, 0, 0, 0, 0, 0, 0, 0, 0, 0, 0, 0, 0, 0, 0, 0, 0, 0, 0, 0, 0, 0, 0, 0, 0, 0, }
}
{{-1, },
}
}
{{{0, 0, 0, 0, },
{0, 0, 0, 0, },
{0, 0, 0, 0, },
{0, 0, 0, 0, },
}
{{1.4267766952966368811002110905262122598212089844221, 9.0432156994889630566136507592270633251537243916584e-62, 0.45710678118654752440084436210484903928483593768847, 0.78033008588991064330063327157863677946362695326636, },
{9.0432156994889630566136507592270633251537243916584e-62, 0, 2.8972404957242621378973366019458054434531179996994e-62, 4.9458988969791624439699305868895802226342946631615e-62, },
{0.45710678118654752440084436210484903928483593768847, 2.8972404957242621378973366019458054434531179996994e-62, 0.14644660940672623779957781894757548035758203115576, 0.25, },
{0.78033008588991064330063327157863677946362695326636, 4.9458988969791624439699305868895802226342946631615e-62, 0.25, 0.42677669529663688110021109052621225982120898442212, },
}
{{0, 0, 0, 1, 0, 0, 0, 0, 0, 0, 0, 0, 0, 0, 0, 0, 0, 0, 0, 0, 0, 0, 0, 0, 0, 0, 0, 0, 0, 0, 0, 0, 0, 0, 0, 0, 0, 0, 0, 0, 0, 0, 0, 0, 0, 0, 0, 0, 0, 0, 0, 0, 0, 0, 0, 0, 0, 0, 0, 0, 0, 0, 0, 0, 0, 0, 0, 0, 0, 0, 0, 0, 0, 0, 0, 0, 0, 0, 0, 0, 0, 0, 0, 0, 0, 0, 0, 0, 0, 0, 0, 0, 0, 0, 0, 0, 0, 0, 0, 0, 0, 0, 0, 0, 0, 0, 0, 0, 0, 0, 0, 0, 0, }
}
{{-1, },
}
}
{{{0, 0, 0, 0, },
{0, 0, 0, 0, },
{0, 0, 0, 0, },
{0, 0, 0, 0, },
}
{{1.4267766952966368811002110905262122598212089844221, 9.0432156994889630566136507592270633251537243916584e-62, 0.78033008588991064330063327157863677946362695326636, 0.45710678118654752440084436210484903928483593768847, },
{9.0432156994889630566136507592270633251537243916584e-62, 0, 4.9458988969791624439699305868895802226342946631615e-62, 2.8972404957242621378973366019458054434531179996994e-62, },
{0.78033008588991064330063327157863677946362695326636, 4.9458988969791624439699305868895802226342946631615e-62, 0.42677669529663688110021109052621225982120898442212, 0.25, },
{0.45710678118654752440084436210484903928483593768847, 2.8972404957242621378973366019458054434531179996994e-62, 0.25, 0.14644660940672623779957781894757548035758203115576, },
}
{{0, 0, 0, 0, 1, 0, 0, 0, 0, 0, 0, 0, 0, 0, 0, 0, 0, 0, 0, 0, 0, 0, 0, 0, 0, 0, 0, 0, 0, 0, 0, 0, 0, 0, 0, 0, 0, 0, 0, 0, 0, 0, 0, 0, 0, 0, 0, 0, 0, 0, 0, 0, 0, 0, 0, 0, 0, 0, 0, 0, 0, 0, 0, 0, 0, 0, 0, 0, 0, 0, 0, 0, 0, 0, 0, 0, 0, 0, 0, 0, 0, 0, 0, 0, 0, 0, 0, 0, 0, 0, 0, 0, 0, 0, 0, 0, 0, 0, 0, 0, 0, 0, 0, 0, 0, 0, 0, 0, 0, 0, 0, 0, 0, }
}
{{-1, },
}
}
{{{0, 0, 0, 0, },
{0, 0, 0, 0, },
{0, 0, 0, 0, },
{0, 0, 0, 0, },
}
{{1.4267766952966368811002110905262122598212089844221, 0.32322330470336311889978890947378774017879101557788, 0.32322330470336311889978890947378774017879101557788, 0.78033008588991064330063327157863677946362695326636, },
{0.32322330470336311889978890947378774017879101557788, 0.073223304703363118899788909473787740178791015577881, 0.073223304703363118899788909473787740178791015577881, 0.17677669529663688110021109052621225982120898442212, },
{0.32322330470336311889978890947378774017879101557788, 0.073223304703363118899788909473787740178791015577881, 0.073223304703363118899788909473787740178791015577881, 0.17677669529663688110021109052621225982120898442212, },
{0.78033008588991064330063327157863677946362695326636, 0.17677669529663688110021109052621225982120898442212, 0.17677669529663688110021109052621225982120898442212, 0.42677669529663688110021109052621225982120898442212, },
}
{{0, 0, 0, 0, 0, 1, 0, 0, 0, 0, 0, 0, 0, 0, 0, 0, 0, 0, 0, 0, 0, 0, 0, 0, 0, 0, 0, 0, 0, 0, 0, 0, 0, 0, 0, 0, 0, 0, 0, 0, 0, 0, 0, 0, 0, 0, 0, 0, 0, 0, 0, 0, 0, 0, 0, 0, 0, 0, 0, 0, 0, 0, 0, 0, 0, 0, 0, 0, 0, 0, 0, 0, 0, 0, 0, 0, 0, 0, 0, 0, 0, 0, 0, 0, 0, 0, 0, 0, 0, 0, 0, 0, 0, 0, 0, 0, 0, 0, 0, 0, 0, 0, 0, 0, 0, 0, 0, 0, 0, 0, 0, 0, 0, }
}
{{-1, },
}
}
{{{0, 0, 0, 0, },
{0, 0, 0, 0, },
{0, 0, 0, 0, },
{0, 0, 0, 0, },
}
{{1.4267766952966368811002110905262122598212089844221, 0.32322330470336311889978890947378774017879101557788, 0.78033008588991064330063327157863677946362695326636, 0.32322330470336311889978890947378774017879101557788, },
{0.32322330470336311889978890947378774017879101557788, 0.073223304703363118899788909473787740178791015577881, 0.17677669529663688110021109052621225982120898442212, 0.073223304703363118899788909473787740178791015577881, },
{0.78033008588991064330063327157863677946362695326636, 0.17677669529663688110021109052621225982120898442212, 0.42677669529663688110021109052621225982120898442212, 0.17677669529663688110021109052621225982120898442212, },
{0.32322330470336311889978890947378774017879101557788, 0.073223304703363118899788909473787740178791015577881, 0.17677669529663688110021109052621225982120898442212, 0.073223304703363118899788909473787740178791015577881, },
}
{{0, 0, 0, 0, 0, 0, 1, 0, 0, 0, 0, 0, 0, 0, 0, 0, 0, 0, 0, 0, 0, 0, 0, 0, 0, 0, 0, 0, 0, 0, 0, 0, 0, 0, 0, 0, 0, 0, 0, 0, 0, 0, 0, 0, 0, 0, 0, 0, 0, 0, 0, 0, 0, 0, 0, 0, 0, 0, 0, 0, 0, 0, 0, 0, 0, 0, 0, 0, 0, 0, 0, 0, 0, 0, 0, 0, 0, 0, 0, 0, 0, 0, 0, 0, 0, 0, 0, 0, 0, 0, 0, 0, 0, 0, 0, 0, 0, 0, 0, 0, 0, 0, 0, 0, 0, 0, 0, 0, 0, 0, 0, 0, 0, }
}
{{-1, },
}
}
{{{0, 0, 0, 0, },
{0, 0, 0, 0, },
{0, 0, 0, 0, },
{0, 0, 0, 0, },
}
{{1.2437184335382290838507388168417429093742314454774, 0.088388347648318440550105545263106129910604492211059, 0.51516504294495532165031663578931838973181347663318, 0.8169417382415922027505277263155306495530224610553, },
{0.088388347648318440550105545263106129910604492211059, 0.0062815664617709161492611831582570906257685545225852, 0.036611652351681559449894454736893870089395507788941, 0.058058261758407797249472273684469350446977538944704, },
{0.51516504294495532165031663578931838973181347663318, 0.036611652351681559449894454736893870089395507788941, 0.21338834764831844055010554526310612991060449221106, 0.33838834764831844055010554526310612991060449221106, },
{0.8169417382415922027505277263155306495530224610553, 0.058058261758407797249472273684469350446977538944704, 0.33838834764831844055010554526310612991060449221106, 0.53661165235168155944989445473689387008939550778894, },
}
{{0, 0, 0, 0, 0, 0, 0, 1, 0, 0, 0, 0, 0, 0, 0, 0, 0, 0, 0, 0, 0, 0, 0, 0, 0, 0, 0, 0, 0, 0, 0, 0, 0, 0, 0, 0, 0, 0, 0, 0, 0, 0, 0, 0, 0, 0, 0, 0, 0, 0, 0, 0, 0, 0, 0, 0, 0, 0, 0, 0, 0, 0, 0, 0, 0, 0, 0, 0, 0, 0, 0, 0, 0, 0, 0, 0, 0, 0, 0, 0, 0, 0, 0, 0, 0, 0, 0, 0, 0, 0, 0, 0, 0, 0, 0, 0, 0, 0, 0, 0, 0, 0, 0, 0, 0, 0, 0, 0, 0, 0, 0, 0, 0, }
}
{{-1, },
}
}
{{{0, 0, 0, 0, },
{0, 0, 0, 0, },
{0, 0, 0, 0, },
{0, 0, 0, 0, },
}
{{1.2437184335382290838507388168417429093742314454774, 0.088388347648318440550105545263106129910604492211059, 0.8169417382415922027505277263155306495530224610553, 0.51516504294495532165031663578931838973181347663318, },
{0.088388347648318440550105545263106129910604492211059, 0.0062815664617709161492611831582570906257685545225852, 0.058058261758407797249472273684469350446977538944704, 0.036611652351681559449894454736893870089395507788941, },
{0.8169417382415922027505277263155306495530224610553, 0.058058261758407797249472273684469350446977538944704, 0.53661165235168155944989445473689387008939550778894, 0.33838834764831844055010554526310612991060449221106, },
{0.51516504294495532165031663578931838973181347663318, 0.036611652351681559449894454736893870089395507788941, 0.33838834764831844055010554526310612991060449221106, 0.21338834764831844055010554526310612991060449221106, },
}
{{0, 0, 0, 0, 0, 0, 0, 0, 1, 0, 0, 0, 0, 0, 0, 0, 0, 0, 0, 0, 0, 0, 0, 0, 0, 0, 0, 0, 0, 0, 0, 0, 0, 0, 0, 0, 0, 0, 0, 0, 0, 0, 0, 0, 0, 0, 0, 0, 0, 0, 0, 0, 0, 0, 0, 0, 0, 0, 0, 0, 0, 0, 0, 0, 0, 0, 0, 0, 0, 0, 0, 0, 0, 0, 0, 0, 0, 0, 0, 0, 0, 0, 0, 0, 0, 0, 0, 0, 0, 0, 0, 0, 0, 0, 0, 0, 0, 0, 0, 0, 0, 0, 0, 0, 0, 0, 0, 0, 0, 0, 0, 0, 0, }
}
{{-1, },
}
}
{{{0, 0, 0, 0, },
{0, 0, 0, 0, },
{0, 0, 0, 0, },
{0, 0, 0, 0, },
}
{{0.85355339059327376220042218105242451964241796884424, 5.4083175939142407224147501450249126086226955414148e-62, 0.5, 0.85355339059327376220042218105242451964241796884424, },
{5.4083175939142407224147501450249126086226955414148e-62, 0, 3.1681190968939370310852630301285323613633498771544e-62, 5.408317593914240721560506869272871841876212265978e-62, },
{0.5, 3.1681190968939370310852630301285323613633498771544e-62, 0.29289321881345247559915563789515096071516406231153, 0.5, },
{0.85355339059327376220042218105242451964241796884424, 5.408317593914240721560506869272871841876212265978e-62, 0.5, 0.85355339059327376220042218105242451964241796884424, },
}
{{0, 0, 0, 0, 0, 0, 0, 0, 0, 1, 0, 0, 0, 0, 0, 0, 0, 0, 0, 0, 0, 0, 0, 0, 0, 0, 0, 0, 0, 0, 0, 0, 0, 0, 0, 0, 0, 0, 0, 0, 0, 0, 0, 0, 0, 0, 0, 0, 0, 0, 0, 0, 0, 0, 0, 0, 0, 0, 0, 0, 0, 0, 0, 0, 0, 0, 0, 0, 0, 0, 0, 0, 0, 0, 0, 0, 0, 0, 0, 0, 0, 0, 0, 0, 0, 0, 0, 0, 0, 0, 0, 0, 0, 0, 0, 0, 0, 0, 0, 0, 0, 0, 0, 0, 0, 0, 0, 0, 0, 0, 0, 0, 0, }
}
{{-1, },
}
}
{{{0, 0, 0, 0, },
{0, 0, 0, 0, },
{0, 0, 0, 0, },
{0, 0, 0, 0, },
}
{{0.85355339059327376220042218105242451964241796884424, 5.4083175939142407224147501450249126086226955414148e-62, 0.85355339059327376220042218105242451964241796884424, 0.5, },
{5.4083175939142407224147501450249126086226955414148e-62, 0, 5.4083175939142407229747204316459668906779009901877e-62, 3.1681190968939370324994765925016274101650386013641e-62, },
{0.85355339059327376220042218105242451964241796884424, 5.4083175939142407229747204316459668906779009901877e-62, 0.85355339059327376220042218105242451964241796884424, 0.5, },
{0.5, 3.1681190968939370324994765925016274101650386013641e-62, 0.5, 0.29289321881345247559915563789515096071516406231153, },
}
{{0, 0, 0, 0, 0, 0, 0, 0, 0, 0, 1, 0, 0, 0, 0, 0, 0, 0, 0, 0, 0, 0, 0, 0, 0, 0, 0, 0, 0, 0, 0, 0, 0, 0, 0, 0, 0, 0, 0, 0, 0, 0, 0, 0, 0, 0, 0, 0, 0, 0, 0, 0, 0, 0, 0, 0, 0, 0, 0, 0, 0, 0, 0, 0, 0, 0, 0, 0, 0, 0, 0, 0, 0, 0, 0, 0, 0, 0, 0, 0, 0, 0, 0, 0, 0, 0, 0, 0, 0, 0, 0, 0, 0, 0, 0, 0, 0, 0, 0, 0, 0, 0, 0, 0, 0, 0, 0, 0, 0, 0, 0, 0, 0, }
}
{{-1, },
}
}
{{{0, 0, 0, 0, },
{0, 0, 0, 0, },
{0, 0, 0, 0, },
{0, 0, 0, 0, },
}
{{0.53661165235168155944989445473689387008939550778894, -0.058058261758407797249472273684469350446977538944704, 0.8169417382415922027505277263155306495530224610553, 0.33838834764831844055010554526310612991060449221106, },
{-0.058058261758407797249472273684469350446977538944704, 0.0062815664617709161492611831582570906257685545225852, -0.088388347648318440550105545263106129910604492211059, -0.036611652351681559449894454736893870089395507788941, },
{0.8169417382415922027505277263155306495530224610553, -0.088388347648318440550105545263106129910604492211059, 1.2437184335382290838507388168417429093742314454774, 0.51516504294495532165031663578931838973181347663318, },
{0.33838834764831844055010554526310612991060449221106, -0.036611652351681559449894454736893870089395507788941, 0.51516504294495532165031663578931838973181347663318, 0.21338834764831844055010554526310612991060449221106, },
}
{{0, 0, 0, 0, 0, 0, 0, 0, 0, 0, 0, 1, 0, 0, 0, 0, 0, 0, 0, 0, 0, 0, 0, 0, 0, 0, 0, 0, 0, 0, 0, 0, 0, 0, 0, 0, 0, 0, 0, 0, 0, 0, 0, 0, 0, 0, 0, 0, 0, 0, 0, 0, 0, 0, 0, 0, 0, 0, 0, 0, 0, 0, 0, 0, 0, 0, 0, 0, 0, 0, 0, 0, 0, 0, 0, 0, 0, 0, 0, 0, 0, 0, 0, 0, 0, 0, 0, 0, 0, 0, 0, 0, 0, 0, 0, 0, 0, 0, 0, 0, 0, 0, 0, 0, 0, 0, 0, 0, 0, 0, 0, 0, 0, }
}
{{-1, },
}
}
{{{0, 0, 0, 0, },
{0, 0, 0, 0, },
{0, 0, 0, 0, },
{0, 0, 0, 0, },
}
{{0.53661165235168155944989445473689387008939550778894, 0.14016504294495532165031663578931838973181347663318, 0.61871843353822908385073881684174290937423144547741, 0.61871843353822908385073881684174290937423144547741, },
{0.14016504294495532165031663578931838973181347663318, 0.036611652351681559449894454736893870089395507788941, 0.16161165235168155944989445473689387008939550778894, 0.16161165235168155944989445473689387008939550778894, },
{0.61871843353822908385073881684174290937423144547741, 0.16161165235168155944989445473689387008939550778894, 0.71338834764831844055010554526310612991060449221106, 0.71338834764831844055010554526310612991060449221106, },
{0.61871843353822908385073881684174290937423144547741, 0.16161165235168155944989445473689387008939550778894, 0.71338834764831844055010554526310612991060449221106, 0.71338834764831844055010554526310612991060449221106, },
}
{{0, 0, 0, 0, 0, 0, 0, 0, 0, 0, 0, 0, 1, 0, 0, 0, 0, 0, 0, 0, 0, 0, 0, 0, 0, 0, 0, 0, 0, 0, 0, 0, 0, 0, 0, 0, 0, 0, 0, 0, 0, 0, 0, 0, 0, 0, 0, 0, 0, 0, 0, 0, 0, 0, 0, 0, 0, 0, 0, 0, 0, 0, 0, 0, 0, 0, 0, 0, 0, 0, 0, 0, 0, 0, 0, 0, 0, 0, 0, 0, 0, 0, 0, 0, 0, 0, 0, 0, 0, 0, 0, 0, 0, 0, 0, 0, 0, 0, 0, 0, 0, 0, 0, 0, 0, 0, 0, 0, 0, 0, 0, 0, 0, }
}
{{-1, },
}
}
{{{0, 0, 0, 0, },
{0, 0, 0, 0, },
{0, 0, 0, 0, },
{0, 0, 0, 0, },
}
{{0.53661165235168155944989445473689387008939550778894, 0.33838834764831844055010554526310612991060449221106, 0.61871843353822908385073881684174290937423144547741, 0.53661165235168155944989445473689387008939550778894, },
{0.33838834764831844055010554526310612991060449221106, 0.21338834764831844055010554526310612991060449221106, 0.39016504294495532165031663578931838973181347663318, 0.33838834764831844055010554526310612991060449221106, },
{0.61871843353822908385073881684174290937423144547741, 0.39016504294495532165031663578931838973181347663318, 0.71338834764831844055010554526310612991060449221106, 0.61871843353822908385073881684174290937423144547741, },
{0.53661165235168155944989445473689387008939550778894, 0.33838834764831844055010554526310612991060449221106, 0.61871843353822908385073881684174290937423144547741, 0.53661165235168155944989445473689387008939550778894, },
}
{{0, 0, 0, 0, 0, 0, 0, 0, 0, 0, 0, 0, 0, 1, 0, 0, 0, 0, 0, 0, 0, 0, 0, 0, 0, 0, 0, 0, 0, 0, 0, 0, 0, 0, 0, 0, 0, 0, 0, 0, 0, 0, 0, 0, 0, 0, 0, 0, 0, 0, 0, 0, 0, 0, 0, 0, 0, 0, 0, 0, 0, 0, 0, 0, 0, 0, 0, 0, 0, 0, 0, 0, 0, 0, 0, 0, 0, 0, 0, 0, 0, 0, 0, 0, 0, 0, 0, 0, 0, 0, 0, 0, 0, 0, 0, 0, 0, 0, 0, 0, 0, 0, 0, 0, 0, 0, 0, 0, 0, 0, 0, 0, 0, }
}
{{-1, },
}
}
{{{0, 0, 0, 0, },
{0, 0, 0, 0, },
{0, 0, 0, 0, },
{0, 0, 0, 0, },
}
{{0.53661165235168155944989445473689387008939550778894, 0.33838834764831844055010554526310612991060449221106, 0.53661165235168155944989445473689387008939550778894, 0.61871843353822908385073881684174290937423144547741, },
{0.33838834764831844055010554526310612991060449221106, 0.21338834764831844055010554526310612991060449221106, 0.33838834764831844055010554526310612991060449221106, 0.39016504294495532165031663578931838973181347663318, },
{0.53661165235168155944989445473689387008939550778894, 0.33838834764831844055010554526310612991060449221106, 0.53661165235168155944989445473689387008939550778894, 0.61871843353822908385073881684174290937423144547741, },
{0.61871843353822908385073881684174290937423144547741, 0.39016504294495532165031663578931838973181347663318, 0.61871843353822908385073881684174290937423144547741, 0.71338834764831844055010554526310612991060449221106, },
}
{{0, 0, 0, 0, 0, 0, 0, 0, 0, 0, 0, 0, 0, 0, 1, 0, 0, 0, 0, 0, 0, 0, 0, 0, 0, 0, 0, 0, 0, 0, 0, 0, 0, 0, 0, 0, 0, 0, 0, 0, 0, 0, 0, 0, 0, 0, 0, 0, 0, 0, 0, 0, 0, 0, 0, 0, 0, 0, 0, 0, 0, 0, 0, 0, 0, 0, 0, 0, 0, 0, 0, 0, 0, 0, 0, 0, 0, 0, 0, 0, 0, 0, 0, 0, 0, 0, 0, 0, 0, 0, 0, 0, 0, 0, 0, 0, 0, 0, 0, 0, 0, 0, 0, 0, 0, 0, 0, 0, 0, 0, 0, 0, 0, }
}
{{-1, },
}
}
{{{0, 0, 0, 0, },
{0, 0, 0, 0, },
{0, 0, 0, 0, },
{0, 0, 0, 0, },
}
{{0.71338834764831844055010554526310612991060449221106, -0.16161165235168155944989445473689387008939550778894, 0.71338834764831844055010554526310612991060449221106, 0.61871843353822908385073881684174290937423144547741, },
{-0.16161165235168155944989445473689387008939550778894, 0.036611652351681559449894454736893870089395507788941, -0.16161165235168155944989445473689387008939550778894, -0.14016504294495532165031663578931838973181347663318, },
{0.71338834764831844055010554526310612991060449221106, -0.16161165235168155944989445473689387008939550778894, 0.71338834764831844055010554526310612991060449221106, 0.61871843353822908385073881684174290937423144547741, },
{0.61871843353822908385073881684174290937423144547741, -0.14016504294495532165031663578931838973181347663318, 0.61871843353822908385073881684174290937423144547741, 0.53661165235168155944989445473689387008939550778894, },
}
{{0, 0, 0, 0, 0, 0, 0, 0, 0, 0, 0, 0, 0, 0, 0, 1, 0, 0, 0, 0, 0, 0, 0, 0, 0, 0, 0, 0, 0, 0, 0, 0, 0, 0, 0, 0, 0, 0, 0, 0, 0, 0, 0, 0, 0, 0, 0, 0, 0, 0, 0, 0, 0, 0, 0, 0, 0, 0, 0, 0, 0, 0, 0, 0, 0, 0, 0, 0, 0, 0, 0, 0, 0, 0, 0, 0, 0, 0, 0, 0, 0, 0, 0, 0, 0, 0, 0, 0, 0, 0, 0, 0, 0, 0, 0, 0, 0, 0, 0, 0, 0, 0, 0, 0, 0, 0, 0, 0, 0, 0, 0, 0, 0, }
}
{{-1, },
}
}
{{{0, 0, 0, 0, },
{0, 0, 0, 0, },
{0, 0, 0, 0, },
{0, 0, 0, 0, },
}
{{0.71338834764831844055010554526310612991060449221106, -0.16161165235168155944989445473689387008939550778894, 0.61871843353822908385073881684174290937423144547741, 0.71338834764831844055010554526310612991060449221106, },
{-0.16161165235168155944989445473689387008939550778894, 0.036611652351681559449894454736893870089395507788941, -0.14016504294495532165031663578931838973181347663318, -0.16161165235168155944989445473689387008939550778894, },
{0.61871843353822908385073881684174290937423144547741, -0.14016504294495532165031663578931838973181347663318, 0.53661165235168155944989445473689387008939550778894, 0.61871843353822908385073881684174290937423144547741, },
{0.71338834764831844055010554526310612991060449221106, -0.16161165235168155944989445473689387008939550778894, 0.61871843353822908385073881684174290937423144547741, 0.71338834764831844055010554526310612991060449221106, },
}
{{0, 0, 0, 0, 0, 0, 0, 0, 0, 0, 0, 0, 0, 0, 0, 0, 1, 0, 0, 0, 0, 0, 0, 0, 0, 0, 0, 0, 0, 0, 0, 0, 0, 0, 0, 0, 0, 0, 0, 0, 0, 0, 0, 0, 0, 0, 0, 0, 0, 0, 0, 0, 0, 0, 0, 0, 0, 0, 0, 0, 0, 0, 0, 0, 0, 0, 0, 0, 0, 0, 0, 0, 0, 0, 0, 0, 0, 0, 0, 0, 0, 0, 0, 0, 0, 0, 0, 0, 0, 0, 0, 0, 0, 0, 0, 0, 0, 0, 0, 0, 0, 0, 0, 0, 0, 0, 0, 0, 0, 0, 0, 0, 0, }
}
{{-1, },
}
}
{{{0, 0, 0, 0, },
{0, 0, 0, 0, },
{0, 0, 0, 0, },
{0, 0, 0, 0, },
}
{{0.42677669529663688110021109052621225982120898442212, 0.17677669529663688110021109052621225982120898442212, 0.67677669529663688110021109052621225982120898442212, 0.42677669529663688110021109052621225982120898442212, },
{0.17677669529663688110021109052621225982120898442212, 0.073223304703363118899788909473787740178791015577881, 0.28033008588991064330063327157863677946362695326636, 0.17677669529663688110021109052621225982120898442212, },
{0.67677669529663688110021109052621225982120898442212, 0.28033008588991064330063327157863677946362695326636, 1.0732233047033631188997889094737877401787910155779, 0.67677669529663688110021109052621225982120898442212, },
{0.42677669529663688110021109052621225982120898442212, 0.17677669529663688110021109052621225982120898442212, 0.67677669529663688110021109052621225982120898442212, 0.42677669529663688110021109052621225982120898442212, },
}
{{0, 0, 0, 0, 0, 0, 0, 0, 0, 0, 0, 0, 0, 0, 0, 0, 0, 1, 0, 0, 0, 0, 0, 0, 0, 0, 0, 0, 0, 0, 0, 0, 0, 0, 0, 0, 0, 0, 0, 0, 0, 0, 0, 0, 0, 0, 0, 0, 0, 0, 0, 0, 0, 0, 0, 0, 0, 0, 0, 0, 0, 0, 0, 0, 0, 0, 0, 0, 0, 0, 0, 0, 0, 0, 0, 0, 0, 0, 0, 0, 0, 0, 0, 0, 0, 0, 0, 0, 0, 0, 0, 0, 0, 0, 0, 0, 0, 0, 0, 0, 0, 0, 0, 0, 0, 0, 0, 0, 0, 0, 0, 0, 0, }
}
{{-1, },
}
}
{{{0, 0, 0, 0, },
{0, 0, 0, 0, },
{0, 0, 0, 0, },
{0, 0, 0, 0, },
}
{{1.7071067811865475244008443621048490392848359376885, 1.0810468775079018612913282055846972800794336475502e-61, 0.5, 0.5, },
{1.0810468775079018612913282055846972800794336475502e-61, 0, 3.1663129964152145516484901821198263949180778643032e-62, 3.1663129964152145516484901821198263949180778643032e-62, },
{0.5, 3.1663129964152145516484901821198263949180778643032e-62, 0.14644660940672623779957781894757548035758203115576, 0.14644660940672623779957781894757548035758203115576, },
{0.5, 3.1663129964152145516484901821198263949180778643032e-62, 0.14644660940672623779957781894757548035758203115576, 0.14644660940672623779957781894757548035758203115576, },
}
{{0, 0, 0, 0, 0, 0, 0, 0, 0, 0, 0, 0, 0, 0, 0, 0, 0, 0, 1, 0, 0, 0, 0, 0, 0, 0, 0, 0, 0, 0, 0, 0, 0, 0, 0, 0, 0, 0, 0, 0, 0, 0, 0, 0, 0, 0, 0, 0, 0, 0, 0, 0, 0, 0, 0, 0, 0, 0, 0, 0, 0, 0, 0, 0, 0, 0, 0, 0, 0, 0, 0, 0, 0, 0, 0, 0, 0, 0, 0, 0, 0, 0, 0, 0, 0, 0, 0, 0, 0, 0, 0, 0, 0, 0, 0, 0, 0, 0, 0, 0, 0, 0, 0, 0, 0, 0, 0, 0, 0, 0, 0, 0, 0, }
}
{{-1, },
}
}
{{{0, 0, 0, 0, },
{0, 0, 0, 0, },
{0, 0, 0, 0, },
{0, 0, 0, 0, },
}
{{1.2437184335382290838507388168417429093742314454774, -0.088388347648318440550105545263106129910604492211059, 0.51516504294495532165031663578931838973181347663318, 0.8169417382415922027505277263155306495530224610553, },
{-0.088388347648318440550105545263106129910604492211059, 0.0062815664617709161492611831582570906257685545225852, -0.036611652351681559449894454736893870089395507788941, -0.058058261758407797249472273684469350446977538944704, },
{0.51516504294495532165031663578931838973181347663318, -0.036611652351681559449894454736893870089395507788941, 0.21338834764831844055010554526310612991060449221106, 0.33838834764831844055010554526310612991060449221106, },
{0.8169417382415922027505277263155306495530224610553, -0.058058261758407797249472273684469350446977538944704, 0.33838834764831844055010554526310612991060449221106, 0.53661165235168155944989445473689387008939550778894, },
}
{{0, 0, 0, 0, 0, 0, 0, 0, 0, 0, 0, 0, 0, 0, 0, 0, 0, 0, 0, 1, 0, 0, 0, 0, 0, 0, 0, 0, 0, 0, 0, 0, 0, 0, 0, 0, 0, 0, 0, 0, 0, 0, 0, 0, 0, 0, 0, 0, 0, 0, 0, 0, 0, 0, 0, 0, 0, 0, 0, 0, 0, 0, 0, 0, 0, 0, 0, 0, 0, 0, 0, 0, 0, 0, 0, 0, 0, 0, 0, 0, 0, 0, 0, 0, 0, 0, 0, 0, 0, 0, 0, 0, 0, 0, 0, 0, 0, 0, 0, 0, 0, 0, 0, 0, 0, 0, 0, 0, 0, 0, 0, 0, 0, }
}
{{-1, },
}
}
{{{0, 0, 0, 0, },
{0, 0, 0, 0, },
{0, 0, 0, 0, },
{0, 0, 0, 0, },
}
{{1.2437184335382290838507388168417429093742314454774, -0.088388347648318440550105545263106129910604492211059, 0.8169417382415922027505277263155306495530224610553, 0.51516504294495532165031663578931838973181347663318, },
{-0.088388347648318440550105545263106129910604492211059, 0.0062815664617709161492611831582570906257685545225852, -0.058058261758407797249472273684469350446977538944704, -0.036611652351681559449894454736893870089395507788941, },
{0.8169417382415922027505277263155306495530224610553, -0.058058261758407797249472273684469350446977538944704, 0.53661165235168155944989445473689387008939550778894, 0.33838834764831844055010554526310612991060449221106, },
{0.51516504294495532165031663578931838973181347663318, -0.036611652351681559449894454736893870089395507788941, 0.33838834764831844055010554526310612991060449221106, 0.21338834764831844055010554526310612991060449221106, },
}
{{0, 0, 0, 0, 0, 0, 0, 0, 0, 0, 0, 0, 0, 0, 0, 0, 0, 0, 0, 0, 1, 0, 0, 0, 0, 0, 0, 0, 0, 0, 0, 0, 0, 0, 0, 0, 0, 0, 0, 0, 0, 0, 0, 0, 0, 0, 0, 0, 0, 0, 0, 0, 0, 0, 0, 0, 0, 0, 0, 0, 0, 0, 0, 0, 0, 0, 0, 0, 0, 0, 0, 0, 0, 0, 0, 0, 0, 0, 0, 0, 0, 0, 0, 0, 0, 0, 0, 0, 0, 0, 0, 0, 0, 0, 0, 0, 0, 0, 0, 0, 0, 0, 0, 0, 0, 0, 0, 0, 0, 0, 0, 0, 0, }
}
{{-1, },
}
}
{{{0, 0, 0, 0, },
{0, 0, 0, 0, },
{0, 0, 0, 0, },
{0, 0, 0, 0, },
}
{{0.85355339059327376220042218105242451964241796884424, 0.35355339059327376220042218105242451964241796884424, 0.35355339059327376220042218105242451964241796884424, 0.85355339059327376220042218105242451964241796884424, },
{0.35355339059327376220042218105242451964241796884424, 0.14644660940672623779957781894757548035758203115576, 0.14644660940672623779957781894757548035758203115576, 0.35355339059327376220042218105242451964241796884424, },
{0.35355339059327376220042218105242451964241796884424, 0.14644660940672623779957781894757548035758203115576, 0.14644660940672623779957781894757548035758203115576, 0.35355339059327376220042218105242451964241796884424, },
{0.85355339059327376220042218105242451964241796884424, 0.35355339059327376220042218105242451964241796884424, 0.35355339059327376220042218105242451964241796884424, 0.85355339059327376220042218105242451964241796884424, },
}
{{0, 0, 0, 0, 0, 0, 0, 0, 0, 0, 0, 0, 0, 0, 0, 0, 0, 0, 0, 0, 0, 1, 0, 0, 0, 0, 0, 0, 0, 0, 0, 0, 0, 0, 0, 0, 0, 0, 0, 0, 0, 0, 0, 0, 0, 0, 0, 0, 0, 0, 0, 0, 0, 0, 0, 0, 0, 0, 0, 0, 0, 0, 0, 0, 0, 0, 0, 0, 0, 0, 0, 0, 0, 0, 0, 0, 0, 0, 0, 0, 0, 0, 0, 0, 0, 0, 0, 0, 0, 0, 0, 0, 0, 0, 0, 0, 0, 0, 0, 0, 0, 0, 0, 0, 0, 0, 0, 0, 0, 0, 0, 0, 0, }
}
{{-1, },
}
}
{{{0, 0, 0, 0, },
{0, 0, 0, 0, },
{0, 0, 0, 0, },
{0, 0, 0, 0, },
}
{{0.85355339059327376220042218105242451964241796884424, 0.35355339059327376220042218105242451964241796884424, 0.85355339059327376220042218105242451964241796884424, 0.35355339059327376220042218105242451964241796884424, },
{0.35355339059327376220042218105242451964241796884424, 0.14644660940672623779957781894757548035758203115576, 0.35355339059327376220042218105242451964241796884424, 0.14644660940672623779957781894757548035758203115576, },
{0.85355339059327376220042218105242451964241796884424, 0.35355339059327376220042218105242451964241796884424, 0.85355339059327376220042218105242451964241796884424, 0.35355339059327376220042218105242451964241796884424, },
{0.35355339059327376220042218105242451964241796884424, 0.14644660940672623779957781894757548035758203115576, 0.35355339059327376220042218105242451964241796884424, 0.14644660940672623779957781894757548035758203115576, },
}
{{0, 0, 0, 0, 0, 0, 0, 0, 0, 0, 0, 0, 0, 0, 0, 0, 0, 0, 0, 0, 0, 0, 1, 0, 0, 0, 0, 0, 0, 0, 0, 0, 0, 0, 0, 0, 0, 0, 0, 0, 0, 0, 0, 0, 0, 0, 0, 0, 0, 0, 0, 0, 0, 0, 0, 0, 0, 0, 0, 0, 0, 0, 0, 0, 0, 0, 0, 0, 0, 0, 0, 0, 0, 0, 0, 0, 0, 0, 0, 0, 0, 0, 0, 0, 0, 0, 0, 0, 0, 0, 0, 0, 0, 0, 0, 0, 0, 0, 0, 0, 0, 0, 0, 0, 0, 0, 0, 0, 0, 0, 0, 0, 0, }
}
{{-1, },
}
}
{{{0, 0, 0, 0, },
{0, 0, 0, 0, },
{0, 0, 0, 0, },
{0, 0, 0, 0, },
}
{{1.0732233047033631188997889094737877401787910155779, -0.28033008588991064330063327157863677946362695326636, 0.67677669529663688110021109052621225982120898442212, 0.67677669529663688110021109052621225982120898442212, },
{-0.28033008588991064330063327157863677946362695326636, 0.073223304703363118899788909473787740178791015577881, -0.17677669529663688110021109052621225982120898442212, -0.17677669529663688110021109052621225982120898442212, },
{0.67677669529663688110021109052621225982120898442212, -0.17677669529663688110021109052621225982120898442212, 0.42677669529663688110021109052621225982120898442212, 0.42677669529663688110021109052621225982120898442212, },
{0.67677669529663688110021109052621225982120898442212, -0.17677669529663688110021109052621225982120898442212, 0.42677669529663688110021109052621225982120898442212, 0.42677669529663688110021109052621225982120898442212, },
}
{{0, 0, 0, 0, 0, 0, 0, 0, 0, 0, 0, 0, 0, 0, 0, 0, 0, 0, 0, 0, 0, 0, 0, 1, 0, 0, 0, 0, 0, 0, 0, 0, 0, 0, 0, 0, 0, 0, 0, 0, 0, 0, 0, 0, 0, 0, 0, 0, 0, 0, 0, 0, 0, 0, 0, 0, 0, 0, 0, 0, 0, 0, 0, 0, 0, 0, 0, 0, 0, 0, 0, 0, 0, 0, 0, 0, 0, 0, 0, 0, 0, 0, 0, 0, 0, 0, 0, 0, 0, 0, 0, 0, 0, 0, 0, 0, 0, 0, 0, 0, 0, 0, 0, 0, 0, 0, 0, 0, 0, 0, 0, 0, 0, }
}
{{-1, },
}
}
{{{0, 0, 0, 0, },
{0, 0, 0, 0, },
{0, 0, 0, 0, },
{0, 0, 0, 0, },
}
{{1.0732233047033631188997889094737877401787910155779, 0.28033008588991064330063327157863677946362695326636, 0.67677669529663688110021109052621225982120898442212, 0.67677669529663688110021109052621225982120898442212, },
{0.28033008588991064330063327157863677946362695326636, 0.073223304703363118899788909473787740178791015577881, 0.17677669529663688110021109052621225982120898442212, 0.17677669529663688110021109052621225982120898442212, },
{0.67677669529663688110021109052621225982120898442212, 0.17677669529663688110021109052621225982120898442212, 0.42677669529663688110021109052621225982120898442212, 0.42677669529663688110021109052621225982120898442212, },
{0.67677669529663688110021109052621225982120898442212, 0.17677669529663688110021109052621225982120898442212, 0.42677669529663688110021109052621225982120898442212, 0.42677669529663688110021109052621225982120898442212, },
}
{{0, 0, 0, 0, 0, 0, 0, 0, 0, 0, 0, 0, 0, 0, 0, 0, 0, 0, 0, 0, 0, 0, 0, 0, 1, 0, 0, 0, 0, 0, 0, 0, 0, 0, 0, 0, 0, 0, 0, 0, 0, 0, 0, 0, 0, 0, 0, 0, 0, 0, 0, 0, 0, 0, 0, 0, 0, 0, 0, 0, 0, 0, 0, 0, 0, 0, 0, 0, 0, 0, 0, 0, 0, 0, 0, 0, 0, 0, 0, 0, 0, 0, 0, 0, 0, 0, 0, 0, 0, 0, 0, 0, 0, 0, 0, 0, 0, 0, 0, 0, 0, 0, 0, 0, 0, 0, 0, 0, 0, 0, 0, 0, 0, }
}
{{-1, },
}
}
{{{0, 0, 0, 0, },
{0, 0, 0, 0, },
{0, 0, 0, 0, },
{0, 0, 0, 0, },
}
{{0.71338834764831844055010554526310612991060449221106, 0.16161165235168155944989445473689387008939550778894, 0.71338834764831844055010554526310612991060449221106, 0.61871843353822908385073881684174290937423144547741, },
{0.16161165235168155944989445473689387008939550778894, 0.036611652351681559449894454736893870089395507788941, 0.16161165235168155944989445473689387008939550778894, 0.14016504294495532165031663578931838973181347663318, },
{0.71338834764831844055010554526310612991060449221106, 0.16161165235168155944989445473689387008939550778894, 0.71338834764831844055010554526310612991060449221106, 0.61871843353822908385073881684174290937423144547741, },
{0.61871843353822908385073881684174290937423144547741, 0.14016504294495532165031663578931838973181347663318, 0.61871843353822908385073881684174290937423144547741, 0.53661165235168155944989445473689387008939550778894, },
}
{{0, 0, 0, 0, 0, 0, 0, 0, 0, 0, 0, 0, 0, 0, 0, 0, 0, 0, 0, 0, 0, 0, 0, 0, 0, 1, 0, 0, 0, 0, 0, 0, 0, 0, 0, 0, 0, 0, 0, 0, 0, 0, 0, 0, 0, 0, 0, 0, 0, 0, 0, 0, 0, 0, 0, 0, 0, 0, 0, 0, 0, 0, 0, 0, 0, 0, 0, 0, 0, 0, 0, 0, 0, 0, 0, 0, 0, 0, 0, 0, 0, 0, 0, 0, 0, 0, 0, 0, 0, 0, 0, 0, 0, 0, 0, 0, 0, 0, 0, 0, 0, 0, 0, 0, 0, 0, 0, 0, 0, 0, 0, 0, 0, }
}
{{-1, },
}
}
{{{0, 0, 0, 0, },
{0, 0, 0, 0, },
{0, 0, 0, 0, },
{0, 0, 0, 0, },
}
