19  = mDIM
4 = nBLOCK
4 4 -9 1  = bLOCKsTRUCT
{2, 2, 2, 2, 0, 0, 0, 0, 0, 0, 0, 0, 0, 0, 0, 0, 0, 0, 0, }
{{{0, 0, 0, 0, },
{0, 0, 0, 0, },
{0, 0, 0, 0, },
{0, 0, 0, 0, },
}
{{0.41372394793955402122985456324140265457786474131212, -0.03293366885569264229195396557118158107478576525517, 0.068029427078673079410650445566746814694129718364349, 0.0046645760305391679385418962048904529893082824517457, },
{-0.03293366885569264229195396557118158107478576525517, 0.47226926862798459805252838410282209646518127718689, 0.015989045071115589449924393303737241465467995852111, 0.024950383119497443662335359257121432513224964985915, },
{0.068029427078673079410650445566746814694129718364349, 0.015989045071115589449924393303737241465467995852111, 0.51390901378442857960528248766175194856254388987076, -0.064868799903395920130084999149620217222680435075347, },
{0.0046645760305391679385418962048904529893082824517457, 0.024950383119497443662335359257121432513224964985915, -0.064868799903395920130084999149620217222680435075347, 0.60009776964803280111233456499402330039441009163024, },
}
{{0, 0, 0, 0, 0, 0, 0, 0, 0, }
}
{{-1, },
}
}
{{{1, 0, 0, 0, },
{0, 0, 0, 0, },
{0, 0, 0, 0, },
{0, 0, 0, 0, },
}
{{1, 0, 0, 0, },
{0, 0, 0, 0, },
{0, 0, 0, 0, },
{0, 0, 0, 0, },
}
{{0, 0, 0, 0, 0, 0, 0, 0, 0, }
}
{{0, },
}
}
{{{0, 0, 0, 0, },
{0, 1, 0, 0, },
{0, 0, 0, 0, },
{0, 0, 0, 0, },
}
{{0, 0, 0, 0, },
{0, 1, 0, 0, },
{0, 0, 0, 0, },
{0, 0, 0, 0, },
}
{{0, 0, 0, 0, 0, 0, 0, 0, 0, }
}
{{0, },
}
}
{{{0, 0, 0, 0, },
{0, 0, 0, 0, },
{0, 0, 1, 0, },
{0, 0, 0, 0, },
}
{{0, 0, 0, 0, },
{0, 0, 0, 0, },
{0, 0, 1, 0, },
{0, 0, 0, 0, },
}
{{0, 0, 0, 0, 0, 0, 0, 0, 0, }
}
{{0, },
}
}
{{{0, 0, 0, 0, },
{0, 0, 0, 0, },
{0, 0, 0, 0, },
{0, 0, 0, 1, },
}
{{0, 0, 0, 0, },
{0, 0, 0, 0, },
{0, 0, 0, 0, },
{0, 0, 0, 1, },
}
{{0, 0, 0, 0, 0, 0, 0, 0, 0, }
}
{{0, },
}
}
{{{0, 1, 0, 0, },
{1, 0, 0, 0, },
{0, 0, 0, 0, },
{0, 0, 0, 0, },
}
{{0, 1, 0, 0, },
{1, 0, 0, 0, },
{0, 0, 0, 0, },
{0, 0, 0, 0, },
}
{{0, 0, 0, 0, 0, 0, 0, 0, 0, }
}
{{0, },
}
}
{{{0, 0, 1, 0, },
{0, 0, 0, 0, },
{1, 0, 0, 0, },
{0, 0, 0, 0, },
}
{{0, 0, 1, 0, },
{0, 0, 0, 0, },
{1, 0, 0, 0, },
{0, 0, 0, 0, },
}
{{0, 0, 0, 0, 0, 0, 0, 0, 0, }
}
{{0, },
}
}
{{{0, 0, 0, 1, },
{0, 0, 0, 0, },
{0, 0, 0, 0, },
{1, 0, 0, 0, },
}
{{0, 0, 0, 1, },
{0, 0, 0, 0, },
{0, 0, 0, 0, },
{1, 0, 0, 0, },
}
{{0, 0, 0, 0, 0, 0, 0, 0, 0, }
}
{{0, },
}
}
{{{0, 0, 0, 0, },
{0, 0, 1, 0, },
{0, 1, 0, 0, },
{0, 0, 0, 0, },
}
{{0, 0, 0, 0, },
{0, 0, 1, 0, },
{0, 1, 0, 0, },
{0, 0, 0, 0, },
}
{{0, 0, 0, 0, 0, 0, 0, 0, 0, }
}
{{0, },
}
}
{{{0, 0, 0, 0, },
{0, 0, 0, 1, },
{0, 0, 0, 0, },
{0, 1, 0, 0, },
}
{{0, 0, 0, 0, },
{0, 0, 0, 1, },
{0, 0, 0, 0, },
{0, 1, 0, 0, },
}
{{0, 0, 0, 0, 0, 0, 0, 0, 0, }
}
{{0, },
}
}
{{{0, 0, 0, 0, },
{0, 0, 0, 0, },
{0, 0, 0, 1, },
{0, 0, 1, 0, },
}
{{0, 0, 0, 0, },
{0, 0, 0, 0, },
{0, 0, 0, 1, },
{0, 0, 1, 0, },
}
{{0, 0, 0, 0, 0, 0, 0, 0, 0, }
}
{{0, },
}
}
{{{0, 0, 0, 0, },
{0, 0, 0, 0, },
{0, 0, 0, 0, },
{0, 0, 0, 0, },
}
{{0.21880990798180690242449715232387615474132720308688, -0.38476070539884510975896461329556320777014777598194, 0.39902468357218312278628447433610952526295902741309, -0.28719425762662674931932082473775946081151172144732, },
{-0.38476070539884510975896461329556320777014777598194, 0.67657265516205888046294964202206949803197277189248, -0.70165478400342554130560018241639970762210216761628, 0.50500942196870831706405844421578546564815972498333, },
{0.39902468357218312278628447433610952526295902741309, -0.70165478400342554130560018241639970762210216761628, 0.72766676595430669519017072791951911578478509813513, -0.52373130097354217087606083078540566249544561931004, },
{-0.28719425762662674931932082473775946081151172144732, 0.50500942196870831706405844421578546564815972498333, -0.52373130097354217087606083078540566249544561931004, 0.37695067090182752192238247773453523144191492688551, },
}
{{1, 0, 0, 0, 0, 0, 0, 0, 0, }
}
{{-1, },
}
}
{{{0, 0, 0, 0, },
{0, 0, 0, 0, },
{0, 0, 0, 0, },
{0, 0, 0, 0, },
}
{{0.19790012516281031565571035113248318502030037462297, -0.41434812741154589849885549171069797887458692104741, 0.28015640539601982119460393776465808156331220140976, -0.32628792287225551716018032906939099391123467912436, },
{-0.41434812741154589849885549171069797887458692104741, 0.86753037951952672427035329784149505006905154761987, -0.58657002800120047591035791181588955656935627365841, 0.68315666666656748016828179081545306506446195919925, },
{0.28015640539601982119460393776465808156331220140976, -0.58657002800120047591035791181588955656935627365841, 0.39660213160475813620521734059619799835261633620371, -0.46190800294250181519528486569414006441394020479917, },
{-0.32628792287225551716018032906939099391123467912436, 0.68315666666656748016828179081545306506446195919925, -0.46190800294250181519528486569414006441394020479917, 0.53796736371290482386871901042982376655803174155345, },
}
{{0, 1, 0, 0, 0, 0, 0, 0, 0, }
}
{{-1, },
}
}
{{{0, 0, 0, 0, },
{0, 0, 0, 0, },
{0, 0, 0, 0, },
{0, 0, 0, 0, },
}
{{0.63202367211989036585198880517684307106653068121997, 0.10056153546361964485649056201251302017564706330437, 0.61285807515725266527742728149478156200090291791405, 0.69201573639594097107340518278549990013121916648529, },
{0.10056153546361964485649056201251302017564706330437, 0.016000385524931001993282021532091133678091229082589, 0.097512089780398252925268984144054704610400880561116, 0.11010689644511056488702184981693695927536465303364, },
{0.61285807515725266527742728149478156200090291791405, 0.097512089780398252925268984144054704610400880561116, 0.59427365912681363946903159159703025532446797616451, 0.67103092952773926586214995964070566042292537988686, },
{0.69201573639594097107340518278549990013121916648529, 0.11010689644511056488702184981693695927536465303364, 0.67103092952773926586214995964070566042292537988686, 0.75770228322836499268569758169403553993091011353294, },
}
{{0, 0, 1, 0, 0, 0, 0, 0, 0, }
}
{{-1, },
}
}
{{{0, 0, 0, 0, },
{0, 0, 0, 0, },
{0, 0, 0, 0, },
{0, 0, 0, 0, },
}
{{0.47532626676694958385860689779930754674808776515153, 0.60837110683729584966072667876632329119774407049776, 0.021125290438129053800458182444072386213121166099206, -0.59510989919909927471419580106304746871066648916095, },
{0.60837110683729584966072667876632329119774407049776, 0.77865548258434963612632903480062865038418657393501, 0.027038304475618645219625019579814210020641721010472, -0.76168243452680471577463572472996243234863397897009, },
{0.021125290438129053800458182444072386213121166099206, 0.027038304475618645219625019579814210020641721010472, 0.00093888751221508857895562912550906116376256747040579, -0.02644892643677655262653165012775447942348435924223, },
{-0.59510989919909927471419580106304746871066648916095, -0.76168243452680471577463572472996243234863397897009, -0.02644892643677655262653165012775447942348435924223, 0.74507936313648569143610843827455474170396309344305, },
}
{{0, 0, 0, 1, 0, 0, 0, 0, 0, }
}
{{-1, },
}
}
{{{0, 0, 0, 0, },
{0, 0, 0, 0, },
{0, 0, 0, 0, },
{0, 0, 0, 0, },
}
{{1.0142061868013358477649066857537166789168367125256, 0.88139785246533858424704299913165038384589548314047, -0.34437091088063911838945455244664968825531302904046, -0.32302428030303496023805958022839053262821855819514, },
{0.88139785246533858424704299913165038384589548314047, 0.76598051208958325009266500679497431667824615767821, -0.29927620759148777853590128260679511263632644004011, -0.28072487691206182120381905237290134479983035002849, },
{-0.34437091088063911838945455244664968825531302904046, -0.29927620759148777853590128260679511263632644004011, 0.11693019210894532575384878346314544963940260042221, 0.10968200262646290138504221279537714478584871265708, },
{-0.32302428030303496023805958022839053262821855819514, -0.28072487691206182120381905237290134479983035002849, 0.10968200262646290138504221279537714478584871265708, 0.10288310900013557638857952398816355476551452937399, },
}
{{0, 0, 0, 0, 1, 0, 0, 0, 0, }
}
{{-1, },
}
}
{{{0, 0, 0, 0, },
{0, 0, 0, 0, },
{0, 0, 0, 0, },
{0, 0, 0, 0, },
}
{{0.92610103075785167486881857076427692388186995398177, 0.71446913014712603867991917552392726955371138677888, 0.69510989834859609866013219116311877035786853166071, 0.029917112654156463165207132728736902143682346869909, },
{0.71446913014712603867991917552392726955371138677888, 0.55119918991501790735530241625349919355324696721576, 0.5362639149892427513832067424064837002500765846412, 0.023080476907618996292293685241021233123469302930169, },
{0.69510989834859609866013219116311877035786853166071, 0.5362639149892427513832067424064837002500765846412, 0.52173332577634551007110065659037623279325691808416, 0.022455089072621558663213827388371960893633516190785, },
{0.029917112654156463165207132728736902143682346869909, 0.023080476907618996292293685241021233123469302930169, 0.022455089072621558663213827388371960893633516190785, 0.00096645355078490770477835639184764977162616071831363, },
}
{{0, 0, 0, 0, 0, 1, 0, 0, 0, }
}
{{-1, },
}
}
{{{0, 0, 0, 0, },
{0, 0, 0, 0, },
{0, 0, 0, 0, },
{0, 0, 0, 0, },
}
{{0.032655247446349707118284159451729354341210721522273, -0.17591674118916499359009245179024410353205889046691, 0.12067568573490534418651525506601410085372665186356, 0.13687515752945012989265905596060456047515370565631, },
{-0.17591674118916499359009245179024410353205889046691, 0.94767923230283058715325269307948135390776769416954, -0.65009072156411954994061637252153923585257513109548, -0.73735872624741179167321164311491105993836127470214, },
{0.12067568573490534418651525506601410085372665186356, -0.65009072156411954994061637252153923585257513109548, 0.4459504142945175202682582820427379888742851188225, 0.50581467869985344649486374773504236582229604670301, },
{0.13687515752945012989265905596060456047515370565631, -0.73735872624741179167321164311491105993836127470214, 0.50581467869985344649486374773504236582229604670301, 0.57371510595630218546020486542605130287673646548568, },
}
{{0, 0, 0, 0, 0, 0, 1, 0, 0, }
}
{{-1, },
}
}
{{{0, 0, 0, 0, },
{0, 0, 0, 0, },
{0, 0, 0, 0, },
{0, 0, 0, 0, },
}
{{0.51803146657406515667249588403790538165754518511217, -0.72808131742292942799250534386090641899496682943644, -0.050274222018747091666295935193223599076886652095591, -0.48484681148518934412607152646805059856557082894824, },
{-0.72808131742292942799250534386090641899496682943644, 1.023301554027350825257841676853435910070973872426, 0.070659263310578913923971501256330761272224450267862, 0.68144104756611793650578043736149041476477965461608, },
{-0.050274222018747091666295935193223599076886652095591, 0.070659263310578913923971501256330761272224450267862, 0.0048790422255728125157704172205219282885782836189216, 0.047053698121642938642324453929022212916417727684802, },
{-0.48484681148518934412607152646805059856557082894824, 0.68144104756611793650578043736149041476477965461608, 0.047053698121642938642324453929022212916417727684802, 0.45378793717301120555389202188813677998290265884292, },
}
{{0, 0, 0, 0, 0, 0, 0, 1, 0, }
}
{{-1, },
}
}
{{{0, 0, 0, 0, },
{0, 0, 0, 0, },
{0, 0, 0, 0, },
{0, 0, 0, 0, },
}
{{0.91791055255768317680054555560210610094639127985619, 0.88138606727687122776830186441103795134375689275327, 0.36094386186130297091691326362058445728597905867641, -0.29349523269292530113718780304946863399007718351136, },
{0.88138606727687122776830186441103795134375689275327, 0.84631492406878200770982788335532750472665132667864, 0.34658158142665885582963512782745871490665387418232, -0.28181679378990639436230275025299317461854718514663, },
{0.36094386186130297091691326362058445728597905867641, 0.34658158142665885582963512782745871490665387418232, 0.14193155428089960696875659288225412556122702613967, -0.11540917841165033714184983850808288893978753601328, },
{-0.29349523269292530113718780304946863399007718351136, -0.28181679378990639436230275025299317461854718514663, -0.11540917841165033714184983850808288893978753601328, 0.093842969092635208520869968160312268765730367325498, },
}
{{0, 0, 0, 0, 0, 0, 0, 0, 1, }
}
{{-1, },
}
}
