64  = mDIM
4 = nBLOCK
4 4 -54 1  = bLOCKsTRUCT
{2, 2, 2, 2, 0, 0, 0, 0, 0, 0, 0, 0, 0, 0, 0, 0, 0, 0, 0, 0, 0, 0, 0, 0, 0, 0, 0, 0, 0, 0, 0, 0, 0, 0, 0, 0, 0, 0, 0, 0, 0, 0, 0, 0, 0, 0, 0, 0, 0, 0, 0, 0, 0, 0, 0, 0, 0, 0, 0, 0, 0, 0, 0, 0, }
{{{0, 0, 0, 0, },
{0, 0, 0, 0, },
{0, 0, 0, 0, },
{0, 0, 0, 0, },
}
{{0.309164957287560451871980054741638685591699120738, 0.290855844234702005838427326529570433929421765356, -0.399240130655801744085359437449143927752804429552, -0.5279745635056284996874524708584213574205938379, },
{0.290855844234702005838427326529570433929421765356, 0.273631018430060224265340093019883151454923001764, -0.37559665970247463739262586735598736521512397239, -0.496707287753975600148137149486068746960166225978, },
{-0.399240130655801744085359437449143927752804429552, -0.37559665970247463739262586735598736521512397239, 0.515558695023146999963591240696812369177494165568, 0.68179988950322184546552109612730061345627061317, },
{-0.5279745635056284996874524708584213574205938379, -0.496707287753975600148137149486068746960166225978, 0.68179988950322184546552109612730061345627061317, 0.901645329259232323899088611541657961095838756964, },
}
{{0, 0, 0, 0, 0, 0, 0, 0, 0, 0, 0, 0, 0, 0, 0, 0, 0, 0, 0, 0, 0, 0, 0, 0, 0, 0, 0, 0, 0, 0, 0, 0, 0, 0, 0, 0, 0, 0, 0, 0, 0, 0, 0, 0, 0, 0, 0, 0, 0, 0, 0, 0, 0, 0, }
}
{{-1, },
}
}
{{{1, 0, 0, 0, },
{0, 0, 0, 0, },
{0, 0, 0, 0, },
{0, 0, 0, 0, },
}
{{1, 0, 0, 0, },
{0, 0, 0, 0, },
{0, 0, 0, 0, },
{0, 0, 0, 0, },
}
{{0, 0, 0, 0, 0, 0, 0, 0, 0, 0, 0, 0, 0, 0, 0, 0, 0, 0, 0, 0, 0, 0, 0, 0, 0, 0, 0, 0, 0, 0, 0, 0, 0, 0, 0, 0, 0, 0, 0, 0, 0, 0, 0, 0, 0, 0, 0, 0, 0, 0, 0, 0, 0, 0, }
}
{{0, },
}
}
{{{0, 0, 0, 0, },
{0, 1, 0, 0, },
{0, 0, 0, 0, },
{0, 0, 0, 0, },
}
{{0, 0, 0, 0, },
{0, 1, 0, 0, },
{0, 0, 0, 0, },
{0, 0, 0, 0, },
}
{{0, 0, 0, 0, 0, 0, 0, 0, 0, 0, 0, 0, 0, 0, 0, 0, 0, 0, 0, 0, 0, 0, 0, 0, 0, 0, 0, 0, 0, 0, 0, 0, 0, 0, 0, 0, 0, 0, 0, 0, 0, 0, 0, 0, 0, 0, 0, 0, 0, 0, 0, 0, 0, 0, }
}
{{0, },
}
}
{{{0, 0, 0, 0, },
{0, 0, 0, 0, },
{0, 0, 1, 0, },
{0, 0, 0, 0, },
}
{{0, 0, 0, 0, },
{0, 0, 0, 0, },
{0, 0, 1, 0, },
{0, 0, 0, 0, },
}
{{0, 0, 0, 0, 0, 0, 0, 0, 0, 0, 0, 0, 0, 0, 0, 0, 0, 0, 0, 0, 0, 0, 0, 0, 0, 0, 0, 0, 0, 0, 0, 0, 0, 0, 0, 0, 0, 0, 0, 0, 0, 0, 0, 0, 0, 0, 0, 0, 0, 0, 0, 0, 0, 0, }
}
{{0, },
}
}
{{{0, 0, 0, 0, },
{0, 0, 0, 0, },
{0, 0, 0, 0, },
{0, 0, 0, 1, },
}
{{0, 0, 0, 0, },
{0, 0, 0, 0, },
{0, 0, 0, 0, },
{0, 0, 0, 1, },
}
{{0, 0, 0, 0, 0, 0, 0, 0, 0, 0, 0, 0, 0, 0, 0, 0, 0, 0, 0, 0, 0, 0, 0, 0, 0, 0, 0, 0, 0, 0, 0, 0, 0, 0, 0, 0, 0, 0, 0, 0, 0, 0, 0, 0, 0, 0, 0, 0, 0, 0, 0, 0, 0, 0, }
}
{{0, },
}
}
{{{0, 1, 0, 0, },
{1, 0, 0, 0, },
{0, 0, 0, 0, },
{0, 0, 0, 0, },
}
{{0, 1, 0, 0, },
{1, 0, 0, 0, },
{0, 0, 0, 0, },
{0, 0, 0, 0, },
}
{{0, 0, 0, 0, 0, 0, 0, 0, 0, 0, 0, 0, 0, 0, 0, 0, 0, 0, 0, 0, 0, 0, 0, 0, 0, 0, 0, 0, 0, 0, 0, 0, 0, 0, 0, 0, 0, 0, 0, 0, 0, 0, 0, 0, 0, 0, 0, 0, 0, 0, 0, 0, 0, 0, }
}
{{0, },
}
}
{{{0, 0, 1, 0, },
{0, 0, 0, 0, },
{1, 0, 0, 0, },
{0, 0, 0, 0, },
}
{{0, 0, 1, 0, },
{0, 0, 0, 0, },
{1, 0, 0, 0, },
{0, 0, 0, 0, },
}
{{0, 0, 0, 0, 0, 0, 0, 0, 0, 0, 0, 0, 0, 0, 0, 0, 0, 0, 0, 0, 0, 0, 0, 0, 0, 0, 0, 0, 0, 0, 0, 0, 0, 0, 0, 0, 0, 0, 0, 0, 0, 0, 0, 0, 0, 0, 0, 0, 0, 0, 0, 0, 0, 0, }
}
{{0, },
}
}
{{{0, 0, 0, 1, },
{0, 0, 0, 0, },
{0, 0, 0, 0, },
{1, 0, 0, 0, },
}
{{0, 0, 0, 1, },
{0, 0, 0, 0, },
{0, 0, 0, 0, },
{1, 0, 0, 0, },
}
{{0, 0, 0, 0, 0, 0, 0, 0, 0, 0, 0, 0, 0, 0, 0, 0, 0, 0, 0, 0, 0, 0, 0, 0, 0, 0, 0, 0, 0, 0, 0, 0, 0, 0, 0, 0, 0, 0, 0, 0, 0, 0, 0, 0, 0, 0, 0, 0, 0, 0, 0, 0, 0, 0, }
}
{{0, },
}
}
{{{0, 0, 0, 0, },
{0, 0, 1, 0, },
{0, 1, 0, 0, },
{0, 0, 0, 0, },
}
{{0, 0, 0, 0, },
{0, 0, 1, 0, },
{0, 1, 0, 0, },
{0, 0, 0, 0, },
}
{{0, 0, 0, 0, 0, 0, 0, 0, 0, 0, 0, 0, 0, 0, 0, 0, 0, 0, 0, 0, 0, 0, 0, 0, 0, 0, 0, 0, 0, 0, 0, 0, 0, 0, 0, 0, 0, 0, 0, 0, 0, 0, 0, 0, 0, 0, 0, 0, 0, 0, 0, 0, 0, 0, }
}
{{0, },
}
}
{{{0, 0, 0, 0, },
{0, 0, 0, 1, },
{0, 0, 0, 0, },
{0, 1, 0, 0, },
}
{{0, 0, 0, 0, },
{0, 0, 0, 1, },
{0, 0, 0, 0, },
{0, 1, 0, 0, },
}
{{0, 0, 0, 0, 0, 0, 0, 0, 0, 0, 0, 0, 0, 0, 0, 0, 0, 0, 0, 0, 0, 0, 0, 0, 0, 0, 0, 0, 0, 0, 0, 0, 0, 0, 0, 0, 0, 0, 0, 0, 0, 0, 0, 0, 0, 0, 0, 0, 0, 0, 0, 0, 0, 0, }
}
{{0, },
}
}
{{{0, 0, 0, 0, },
{0, 0, 0, 0, },
{0, 0, 0, 1, },
{0, 0, 1, 0, },
}
{{0, 0, 0, 0, },
{0, 0, 0, 0, },
{0, 0, 0, 1, },
{0, 0, 1, 0, },
}
{{0, 0, 0, 0, 0, 0, 0, 0, 0, 0, 0, 0, 0, 0, 0, 0, 0, 0, 0, 0, 0, 0, 0, 0, 0, 0, 0, 0, 0, 0, 0, 0, 0, 0, 0, 0, 0, 0, 0, 0, 0, 0, 0, 0, 0, 0, 0, 0, 0, 0, 0, 0, 0, 0, }
}
{{0, },
}
}
{{{0, 0, 0, 0, },
{0, 0, 0, 0, },
{0, 0, 0, 0, },
{0, 0, 0, 0, },
}
{{0.309164951538180168436458700574261930899674944908, 0.29085584187145693055411930142875984238712953938, -0.399240126640579494017724508960209554872042377756, -0.527974560320869185278912976999016799177316705252, },
{0.29085584187145693055411930142875984238712953938, 0.273631019072052480777467124476742076840989195758, -0.375596659858038549491163173592331974092865909076, -0.496707289959011924056716423908807406398565904074, },
{-0.399240126640579494017724508960209554872042377756, -0.375596659858038549491163173592331974092865909076, 0.515558694240611017108321891148329037963360911782, 0.681799891212690892545702275930917626658195800332, },
{-0.527974560320869185278912976999016799177316705252, -0.496707289959011924056716423908807406398565904074, 0.681799891212690892545702275930917626658195800332, 0.901645335149156333677752283780844749360795187768, },
}
{{1, 0, 0, 0, 0, 0, 0, 0, 0, 0, 0, 0, 0, 0, 0, 0, 0, 0, 0, 0, 0, 0, 0, 0, 0, 0, 0, 0, 0, 0, 0, 0, 0, 0, 0, 0, 0, 0, 0, 0, 0, 0, 0, 0, 0, 0, 0, 0, 0, 0, 0, 0, 0, 0, }
}
{{-1, },
}
}
{{{0, 0, 0, 0, },
{0, 0, 0, 0, },
{0, 0, 0, 0, },
{0, 0, 0, 0, },
}
{{0.309164961828053844383374978898848184286086757884, 0.290855846997249286414586092478170625715401563614, -0.399240132012581254872289266950225967326457125478, -0.527974566898875445840287499698554266831148877038, },
{0.290855846997249286414586092478170625715401563614, 0.273631019609321345475777974297295702522877611768, -0.375596659030189009160496166683619479792881430022, -0.49670728836919489937316736544758952343012051806, },
{-0.399240132012581254872289266950225967326457125478, -0.375596659030189009160496166683619479792881430022, 0.515558690955644716999327632270465897778495142262, 0.681799886188996137185580825396474140137024768656, },
{-0.527974566898875445840287499698554266831148877038, -0.49670728836919489937316736544758952343012051806, 0.681799886188996137185580825396474140137024768656, 0.901645327606980093141519414513567814133881453256, },
}
{{0, 1, 0, 0, 0, 0, 0, 0, 0, 0, 0, 0, 0, 0, 0, 0, 0, 0, 0, 0, 0, 0, 0, 0, 0, 0, 0, 0, 0, 0, 0, 0, 0, 0, 0, 0, 0, 0, 0, 0, 0, 0, 0, 0, 0, 0, 0, 0, 0, 0, 0, 0, 0, 0, }
}
{{-1, },
}
}
{{{0, 0, 0, 0, },
{0, 0, 0, 0, },
{0, 0, 0, 0, },
{0, 0, 0, 0, },
}
{{0.309164958379035304692990247766756203178306658644, 0.290855845395725414010137720850618379818095745112, -0.399240129308089801723183074624317417458426386948, -0.527974565313290055983956464360610895678159955018, },
{0.290855845395725414010137720850618379818095745112, 0.273631019648566729255381531731441354729402341714, -0.375596658607858126466211870350171530803777570824, -0.496707289683742306656333713421330664191709453916, },
{-0.399240129308089801723183074624317417458426386948, -0.375596658607858126466211870350171530803777570824, 0.515558689722285151139315795185822465249995110268, 0.681799887128974683314950678285965895683443470168, },
{-0.527974565313290055983956464360610895678159955018, -0.496707289683742306656333713421330664191709453916, 0.681799887128974683314950678285965895683443470168, 0.90164533225011281491231242529615755089466636739, },
}
{{0, 0, 1, 0, 0, 0, 0, 0, 0, 0, 0, 0, 0, 0, 0, 0, 0, 0, 0, 0, 0, 0, 0, 0, 0, 0, 0, 0, 0, 0, 0, 0, 0, 0, 0, 0, 0, 0, 0, 0, 0, 0, 0, 0, 0, 0, 0, 0, 0, 0, 0, 0, 0, 0, }
}
{{-1, },
}
}
{{{0, 0, 0, 0, },
{0, 0, 0, 0, },
{0, 0, 0, 0, },
{0, 0, 0, 0, },
}
{{0.309164960005282498889228428344426122293596697502, 0.290855846212306354656297612336292883262521427892, -0.399240133213259379367036945506724598083550103738, -0.527974564038343774092661515407212012939722858242, },
{0.290855846212306354656297612336292883262521427892, 0.273631019745676706948536378143621678479324694392, -0.37559666136056422296951484445469555555763224066, -0.496707287266067131933476583469054540637643582244, },
{-0.399240133213259379367036945506724598083550103738, -0.37559666136056422296951484445469555555763224066, 0.515558697096261027655666671099381702585531796604, 0.681799888565247841032351294055168795147844285618, },
{-0.527974564038343774092661515407212012939722858242, -0.496707287266067131933476583469054540637643582244, 0.681799888565247841032351294055168795147844285618, 0.90164532315277976650656852239274844487240750225, },
}
{{0, 0, 0, 1, 0, 0, 0, 0, 0, 0, 0, 0, 0, 0, 0, 0, 0, 0, 0, 0, 0, 0, 0, 0, 0, 0, 0, 0, 0, 0, 0, 0, 0, 0, 0, 0, 0, 0, 0, 0, 0, 0, 0, 0, 0, 0, 0, 0, 0, 0, 0, 0, 0, 0, }
}
{{-1, },
}
}
{{{0, 0, 0, 0, },
{0, 0, 0, 0, },
{0, 0, 0, 0, },
{0, 0, 0, 0, },
}
{{0.309164957287453514866601611104429048453440916924, 0.290855844456842001126830124667445659582699110038, -0.399240128287155378256817298620724007887140205506, -0.527974565174220415935688171347290293452982452518, },
{0.290855844456842001126830124667445659582699110038, 0.27363101884812407665293155452704059324960387154, -0.375596657761092669999103927472955401828943940816, -0.49670728970328156153930744955474445131439412184, },
{-0.399240128287155378256817298620724007887140205506, -0.375596657761092669999103927472955401828943940816, 0.515558688905822941565602182947913055209144420668, 0.68179988761315229850226752697774983149779039726, },
{-0.527974565174220415935688171347290293452982452518, -0.49670728970328156153930744955474445131439412184, 0.68179988761315229850226752697774983149779039726, 0.901645334958599466914864651400795202562846925278, },
}
{{0, 0, 0, 0, 1, 0, 0, 0, 0, 0, 0, 0, 0, 0, 0, 0, 0, 0, 0, 0, 0, 0, 0, 0, 0, 0, 0, 0, 0, 0, 0, 0, 0, 0, 0, 0, 0, 0, 0, 0, 0, 0, 0, 0, 0, 0, 0, 0, 0, 0, 0, 0, 0, 0, }
}
{{-1, },
}
}
{{{0, 0, 0, 0, },
{0, 0, 0, 0, },
{0, 0, 0, 0, },
{0, 0, 0, 0, },
}
{{0.309164958495212304898659288862932281536120394186, 0.290855846125098768252388642737278750179734946162, -0.399240132422710791983910428985403718990370940446, -0.527974562708306508372766996512421267129298295926, },
{0.290855846125098768252388642737278750179734946162, 0.27363102091810056818352856756676186097059203628, -0.375596662338763298490605476781967694815630655038, -0.496707288291960782594401130937247010248284831328, },
{-0.399240132422710791983910428985403718990370940446, -0.375596662338763298490605476781967694815630655038, 0.515558697572681047578904770934081837411326756288, 0.68179988882779987964523840025367855832957105633, },
{-0.527974562708306508372766996512421267129298295926, -0.496707288291960782594401130937247010248284831328, 0.68179988882779987964523840025367855832957105633, 0.901645323014006079338907372616401906812003328908, },
}
{{0, 0, 0, 0, 0, 1, 0, 0, 0, 0, 0, 0, 0, 0, 0, 0, 0, 0, 0, 0, 0, 0, 0, 0, 0, 0, 0, 0, 0, 0, 0, 0, 0, 0, 0, 0, 0, 0, 0, 0, 0, 0, 0, 0, 0, 0, 0, 0, 0, 0, 0, 0, 0, 0, }
}
{{-1, },
}
}
{{{0, 0, 0, 0, },
{0, 0, 0, 0, },
{0, 0, 0, 0, },
{0, 0, 0, 0, },
}
{{0.309164954968180119574267534343243916056765529894, 0.29085584304273717450860941040766871855175312886, -0.399240129868426279840422962508637046539396085084, -0.527974561722839212559758875078141839662561226132, },
{0.29085584304273717450860941040766871855175312886, 0.27363101824011155831448501909410029590354955542, -0.375596660240241138018103897860938018516558107904, -0.496707287767532510294813899400421445497317685686, },
{-0.399240129868426279840422962508637046539396085084, -0.375596660240241138018103897860938018516558107904, 0.515558696857355316425087144629221300504695709318, 0.681799890971299010785176968395344515727357201776, },
{-0.527974561722839212559758875078141839662561226132, -0.496707287767532510294813899400421445497317685686, 0.681799890971299010785176968395344515727357201776, 0.901645329934353005686160301913611836734313873744, },
}
{{0, 0, 0, 0, 0, 0, 1, 0, 0, 0, 0, 0, 0, 0, 0, 0, 0, 0, 0, 0, 0, 0, 0, 0, 0, 0, 0, 0, 0, 0, 0, 0, 0, 0, 0, 0, 0, 0, 0, 0, 0, 0, 0, 0, 0, 0, 0, 0, 0, 0, 0, 0, 0, 0, }
}
{{-1, },
}
}
{{{0, 0, 0, 0, },
{0, 0, 0, 0, },
{0, 0, 0, 0, },
{0, 0, 0, 0, },
}
{{0.309164953828386985701901944414373567599817702936, 0.290855841931060463328258514533971823235702618998, -0.399240127836428310615366139332275604685064161776, -0.527974562380415885383477373432589726655714966482, },
{0.290855841931060463328258514533971823235702618998, 0.273631017157218517377810619439456570260292523266, -0.375596658277722641907828639539444909862500360304, -0.496707288318909846167939363621576800634463428546, },
{-0.399240127836428310615366139332275604685064161776, -0.375596658277722641907828639539444909862500360304, 0.515558693510016019000018683619574825805238946372, 0.68179989086390841722741014029158768599965784879, },
{-0.527974562380415885383477373432589726655714966482, -0.496707288318909846167939363621576800634463428546, 0.68179989086390841722741014029158768599965784879, 0.901645335504378477920268752506772713072514851092, },
}
{{0, 0, 0, 0, 0, 0, 0, 1, 0, 0, 0, 0, 0, 0, 0, 0, 0, 0, 0, 0, 0, 0, 0, 0, 0, 0, 0, 0, 0, 0, 0, 0, 0, 0, 0, 0, 0, 0, 0, 0, 0, 0, 0, 0, 0, 0, 0, 0, 0, 0, 0, 0, 0, 0, }
}
{{-1, },
}
}
{{{0, 0, 0, 0, },
{0, 0, 0, 0, },
{0, 0, 0, 0, },
{0, 0, 0, 0, },
}
{{0.309164953735427533976458509435221542766406919296, 0.29085584249387709468415983532722616506429099273, -0.399240127653474091002167930835992601798992443942, -0.527974562087076968091203572272640157048504608182, },
{0.29085584249387709468415983532722616506429099273, 0.273631018298465595079778994384171522459634642636, -0.37559665894533045804997743723074160465983618473, -0.496707289153438989229273771238762880425593652058, },
{-0.399240127653474091002167930835992601798992443942, -0.37559665894533045804997743723074160465983618473, 0.51555869319251794118513657966440523288377818727, 0.68179989037766929159579833934719647747392961911, },
{-0.527974562087076968091203572272640157048504608182, -0.496707289153438989229273771238762880425593652058, 0.68179989037766929159579833934719647747392961911, 0.901645334773588929758625916496379304355837062894, },
}
{{0, 0, 0, 0, 0, 0, 0, 0, 1, 0, 0, 0, 0, 0, 0, 0, 0, 0, 0, 0, 0, 0, 0, 0, 0, 0, 0, 0, 0, 0, 0, 0, 0, 0, 0, 0, 0, 0, 0, 0, 0, 0, 0, 0, 0, 0, 0, 0, 0, 0, 0, 0, 0, 0, }
}
{{-1, },
}
}
{{{0, 0, 0, 0, },
{0, 0, 0, 0, },
{0, 0, 0, 0, },
{0, 0, 0, 0, },
}
{{0.30916495661963660321999789408939743975056681061, 0.290855843510497786871529355147566435786720107832, -0.399240128803995609540703742940122986119463277506, -0.52797456443091767692912560946245161391501200816, },
{0.290855843510497786871529355147566435786720107832, 0.273631017658584122462177342982838793099690963838, -0.375596657836577343919159195753216813642533486146, -0.49670728846080538907131676566211760690139518539, },
{-0.399240128803995609540703742940122986119463277506, -0.375596657836577343919159195753216813642533486146, 0.515558691354307208427645637876767672966479388564, 0.68179988900865234203703559437775294575013905158, },
{-0.52797456443091767692912560946245161391501200816, -0.49670728846080538907131676566211760690139518539, 0.68179988900865234203703559437775294575013905158, 0.901645334367472065890179125031173904623644508668, },
}
{{0, 0, 0, 0, 0, 0, 0, 0, 0, 1, 0, 0, 0, 0, 0, 0, 0, 0, 0, 0, 0, 0, 0, 0, 0, 0, 0, 0, 0, 0, 0, 0, 0, 0, 0, 0, 0, 0, 0, 0, 0, 0, 0, 0, 0, 0, 0, 0, 0, 0, 0, 0, 0, 0, }
}
{{-1, },
}
}
{{{0, 0, 0, 0, },
{0, 0, 0, 0, },
{0, 0, 0, 0, },
{0, 0, 0, 0, },
}
{{0.309164958072614167915522997026652432894510274966, 0.290855847557387268440598106095607459038725170392, -0.399240130505758421120036586391198861277938791972, -0.527974562815867050725748210784912425973674617516, },
{0.290855847557387268440598106095607459038725170392, 0.27363102398706069504358480167924576405620004383, -0.37559666289832442976449647746660104020835018892, -0.496707291518083458802358291466236726620036526448, },
{-0.399240130505758421120036586391198861277938791972, -0.37559666289832442976449647746660104020835018892, 0.515558693326486730496121595436601542097345254662, 0.681799886624988001465506924872986455249912612108, },
{-0.527974562815867050725748210784912425973674617516, -0.496707291518083458802358291466236726620036526448, 0.681799886624988001465506924872986455249912612108, 0.901645324613838406544770605837677502282053729546, },
}
{{0, 0, 0, 0, 0, 0, 0, 0, 0, 0, 1, 0, 0, 0, 0, 0, 0, 0, 0, 0, 0, 0, 0, 0, 0, 0, 0, 0, 0, 0, 0, 0, 0, 0, 0, 0, 0, 0, 0, 0, 0, 0, 0, 0, 0, 0, 0, 0, 0, 0, 0, 0, 0, 0, }
}
{{-1, },
}
}
{{{0, 0, 0, 0, },
{0, 0, 0, 0, },
{0, 0, 0, 0, },
{0, 0, 0, 0, },
}
{{0.309164957133202440722369979532852092454449602302, 0.290855845968142641182951443201946033499809839904, -0.399240130795948448177562217817458241674456346454, -0.527974562242746725617596301762176901925144449278, },
{0.290855845968142641182951443201946033499809839904, 0.273631021828245553508899304540148813004966801364, -0.375596662260325677938619159251683239626852929882, -0.496707289774148814171990455143579449290909049146, },
{-0.399240130795948448177562217817458241674456346454, -0.375596662260325677938619159251683239626852929882, 0.51555869564250888850163785514656812615748766481, 0.681799888452139220166925091467846511792579475, },
{-0.527974562242746725617596301762176901925144449278, -0.496707289774148814171990455143579449290909049146, 0.681799888452139220166925091467846511792579475, 0.90164532539604311726709286076060880405602796521, },
}
{{0, 0, 0, 0, 0, 0, 0, 0, 0, 0, 0, 1, 0, 0, 0, 0, 0, 0, 0, 0, 0, 0, 0, 0, 0, 0, 0, 0, 0, 0, 0, 0, 0, 0, 0, 0, 0, 0, 0, 0, 0, 0, 0, 0, 0, 0, 0, 0, 0, 0, 0, 0, 0, 0, }
}
{{-1, },
}
}
{{{0, 0, 0, 0, },
{0, 0, 0, 0, },
{0, 0, 0, 0, },
{0, 0, 0, 0, },
}
{{0.30916495315095305469767612061899220021765391492, 0.290855841279166892215961850332446302680573918036, -0.39924012750946192522740804681853511573198507486, -0.527974562100383555992993424708545688919837976228, },
{0.290855841279166892215961850332446302680573918036, 0.273631016530216106682466036946618271701269287862, -0.375596657951294196377529393498131118177296876998, -0.496707288030565744147422062817148037017052433388, },
{-0.39924012750946192522740804681853511573198507486, -0.375596657951294196377529393498131118177296876998, 0.515558693795238352951753133438999762148721928088, 0.681799891437855435758351261332726448305730268992, },
{-0.527974562100383555992993424708545688919837976228, -0.496707288030565744147422062817148037017052433388, 0.681799891437855435758351261332726448305730268992, 0.901645336523592485668104708975567036209971737708, },
}
{{0, 0, 0, 0, 0, 0, 0, 0, 0, 0, 0, 0, 1, 0, 0, 0, 0, 0, 0, 0, 0, 0, 0, 0, 0, 0, 0, 0, 0, 0, 0, 0, 0, 0, 0, 0, 0, 0, 0, 0, 0, 0, 0, 0, 0, 0, 0, 0, 0, 0, 0, 0, 0, 0, }
}
{{-1, },
}
}
{{{0, 0, 0, 0, },
{0, 0, 0, 0, },
{0, 0, 0, 0, },
{0, 0, 0, 0, },
}
{{0.309164956997575898615871649155564077901116454064, 0.290855843998814958805106697194250493151058852746, -0.399240132809202469031712457533433692584186461832, -0.527974561627798724373681367895345597868801706624, },
{0.290855843998814958805106697194250493151058852746, 0.273631018242880266071789954645448906979342445472, -0.375596661776030598062749638283882820778857139288, -0.496707286050410328535608347345324822553951234426, },
{-0.399240132809202469031712457533433692584186461832, -0.375596661776030598062749638283882820778857139288, 0.515558701068308308685713446477915749814814999704, 0.681799891395244929081534608796135477954236109484, },
{-0.527974561627798724373681367895345597868801706624, -0.496707286050410328535608347345324822553951234426, 0.681799891395244929081534608796135477954236109484, 0.901645323691235526626624949701248841017017717236, },
}
{{0, 0, 0, 0, 0, 0, 0, 0, 0, 0, 0, 0, 0, 1, 0, 0, 0, 0, 0, 0, 0, 0, 0, 0, 0, 0, 0, 0, 0, 0, 0, 0, 0, 0, 0, 0, 0, 0, 0, 0, 0, 0, 0, 0, 0, 0, 0, 0, 0, 0, 0, 0, 0, 0, }
}
{{-1, },
}
}
{{{0, 0, 0, 0, },
{0, 0, 0, 0, },
{0, 0, 0, 0, },
{0, 0, 0, 0, },
}
{{0.30916495757191310536450117535806006362971424167, 0.290855845536017273046281168395819161489180474184, -0.399240130634760996041692362813725398199367519048, -0.527974563176722383588366931293890243744367948892, },
{0.290855845536017273046281168395819161489180474184, 0.27363102062688939331981274846958468712641594628, -0.375596661017680439193741582293806997825161579218, -0.496707289210017261340238069106485330984386614398, },
{-0.399240130634760996041692362813725398199367519048, -0.375596661017680439193741582293806997825161579218, 0.515558694494622984046872505267114626985060855068, 0.681799888415475320456834084673214739327346238142, },
{-0.527974563176722383588366931293890243744367948892, -0.496707289210017261340238069106485330984386614398, 0.681799888415475320456834084673214739327346238142, 0.901645327306574517268813570885418571852212848684, },
}
{{0, 0, 0, 0, 0, 0, 0, 0, 0, 0, 0, 0, 0, 0, 1, 0, 0, 0, 0, 0, 0, 0, 0, 0, 0, 0, 0, 0, 0, 0, 0, 0, 0, 0, 0, 0, 0, 0, 0, 0, 0, 0, 0, 0, 0, 0, 0, 0, 0, 0, 0, 0, 0, 0, }
}
{{-1, },
}
}
{{{0, 0, 0, 0, },
{0, 0, 0, 0, },
{0, 0, 0, 0, },
{0, 0, 0, 0, },
}
{{0.309164958368987289817609896818958507025469147834, 0.290855845511311814408909328489527711797290898502, -0.399240133516026934948616575978748473825259059312, -0.52797456205453860587005961248871256416515463997, },
{0.290855845511311814408909328489527711797290898502, 0.273631019874942348752633349419226677773037697126, -0.375596662728065829555000691738084511168465266116, -0.496707286831513156095443847648064256890355861778, },
{-0.399240133516026934948616575978748473825259059312, -0.375596662728065829555000691738084511168465266116, 0.515558700606879275976674312202488640288796817082, 0.681799890129024090732773479344299616811531708078, },
{-0.52797456205453860587005961248871256416515463997, -0.496707286831513156095443847648064256890355861778, 0.681799890129024090732773479344299616811531708078, 0.901645321149191085453082441539503762601442574948, },
}
{{0, 0, 0, 0, 0, 0, 0, 0, 0, 0, 0, 0, 0, 0, 0, 1, 0, 0, 0, 0, 0, 0, 0, 0, 0, 0, 0, 0, 0, 0, 0, 0, 0, 0, 0, 0, 0, 0, 0, 0, 0, 0, 0, 0, 0, 0, 0, 0, 0, 0, 0, 0, 0, 0, }
}
{{-1, },
}
}
{{{0, 0, 0, 0, },
{0, 0, 0, 0, },
{0, 0, 0, 0, },
{0, 0, 0, 0, },
}
{{0.309164957177036271169253802834077566216360374624, 0.290855845314404563320385826983079211124302536574, -0.399240127962783700866989842209612765703253800322, -0.527974564802602145263649266481507140875339620138, },
{0.290855845314404563320385826983079211124302536574, 0.273631020559403889411663143102182543569132248366, -0.375596658697487076585382668493695780028828906318, -0.4967072909955655517260577847147502256018593322, },
{-0.399240127962783700866989842209612765703253800322, -0.375596658697487076585382668493695780028828906318, 0.51555868825219837643244136298216343809299137208, 0.681799886822821922288843928943827418237305772108, },
{-0.527974564802602145263649266481507140875339620138, -0.4967072909955655517260577847147502256018593322, 0.681799886822821922288843928943827418237305772108, 0.901645334011361462986641691061754129611964274522, },
}
{{0, 0, 0, 0, 0, 0, 0, 0, 0, 0, 0, 0, 0, 0, 0, 0, 1, 0, 0, 0, 0, 0, 0, 0, 0, 0, 0, 0, 0, 0, 0, 0, 0, 0, 0, 0, 0, 0, 0, 0, 0, 0, 0, 0, 0, 0, 0, 0, 0, 0, 0, 0, 0, 0, }
}
{{-1, },
}
}
{{{0, 0, 0, 0, },
{0, 0, 0, 0, },
{0, 0, 0, 0, },
{0, 0, 0, 0, },
}
{{0.309164958451593970208701323647606459615876152818, 0.29085584471601673820173456776442882805535368804, -0.399240130101981062550501892276268760083967221324, -0.52797456518235583208055947867952371660028957621, },
{0.29085584471601673820173456776442882805535368804, 0.273631018305436555974313061444348044447231391046, -0.375596658388842818260343695094922650298442879572, -0.49670728828322040661556949660557907214111157481, },
{-0.399240130101981062550501892276268760083967221324, -0.375596658388842818260343695094922650298442879572, 0.515558691651670202909023621512930839028458864756, 0.681799888155642480293583274297026985662549854288, },
{-0.52797456518235583208055947867952371660028957621, -0.49670728828322040661556949660557907214111157481, 0.681799888155642480293583274297026985662549854288, 0.901645331591299270907961993375292446756532716428, },
}
{{0, 0, 0, 0, 0, 0, 0, 0, 0, 0, 0, 0, 0, 0, 0, 0, 0, 1, 0, 0, 0, 0, 0, 0, 0, 0, 0, 0, 0, 0, 0, 0, 0, 0, 0, 0, 0, 0, 0, 0, 0, 0, 0, 0, 0, 0, 0, 0, 0, 0, 0, 0, 0, 0, }
}
{{-1, },
}
}
{{{0, 0, 0, 0, },
{0, 0, 0, 0, },
{0, 0, 0, 0, },
{0, 0, 0, 0, },
}
{{0.309164955819009911308681709278543886188588847552, 0.29085584308180436511591554754429386508122884306, -0.399240127872769274345061722672085763401482667408, -0.527974564323658594193780713708254864923945618296, },
{0.29085584308180436511591554754429386508122884306, 0.273631017560579234269409502664874424699602882676, -0.375596657379567176930785717748377261041468765892, -0.496707288914094020295308425787784090380526724744, },
{-0.399240127872769274345061722672085763401482667408, -0.375596657379567176930785717748377261041468765892, 0.515558690284341847283330853001161665762886754902, 0.681799889045465185310478117452728614955328191652, },
{-0.527974564323658594193780713708254864923945618296, -0.496707288914094020295308425787784090380526724744, 0.681799889045465185310478117452728614955328191652, 0.901645336336069007138577935035597223784972975096, },
}
{{0, 0, 0, 0, 0, 0, 0, 0, 0, 0, 0, 0, 0, 0, 0, 0, 0, 0, 1, 0, 0, 0, 0, 0, 0, 0, 0, 0, 0, 0, 0, 0, 0, 0, 0, 0, 0, 0, 0, 0, 0, 0, 0, 0, 0, 0, 0, 0, 0, 0, 0, 0, 0, 0, }
}
{{-1, },
}
}
{{{0, 0, 0, 0, },
{0, 0, 0, 0, },
{0, 0, 0, 0, },
{0, 0, 0, 0, },
}
{{0.309164955601475465078275679049803098308295426458, 0.29085584508658314994960580118791856462231889384, -0.399240127734824737765006428146982624357335711968, -0.527974563038920470982943082402714259570495561068, },
{0.29085584508658314994960580118791856462231889384, 0.273631021525218178620798014013744712726934929684, -0.375596660102939794899605343656335933301531242726, -0.49670729147858117711584772317855828083170810446, },
{-0.399240127734824737765006428146982624357335711968, -0.375596660102939794899605343656335933301531242726, 0.515558690290829598646553247393790476612887210848, 0.681799887630572424053961599155572490660543894888, },
{-0.527974563038920470982943082402714259570495561068, -0.49670729147858117711584772317855828083170810446, 0.681799887630572424053961599155572490660543894888, 0.901645332582476757654373059522839348926840603328, },
}
{{0, 0, 0, 0, 0, 0, 0, 0, 0, 0, 0, 0, 0, 0, 0, 0, 0, 0, 0, 1, 0, 0, 0, 0, 0, 0, 0, 0, 0, 0, 0, 0, 0, 0, 0, 0, 0, 0, 0, 0, 0, 0, 0, 0, 0, 0, 0, 0, 0, 0, 0, 0, 0, 0, }
}
{{-1, },
}
}
{{{0, 0, 0, 0, },
{0, 0, 0, 0, },
{0, 0, 0, 0, },
{0, 0, 0, 0, },
}
{{0.309164955355305445389812807823682844429886942294, 0.290855841478105900096391841764284601797960417474, -0.399240130942030631993614377373377038852889379404, -0.527974562279487143272112013584881167498040512186, },
{0.290855841478105900096391841764284601797960417474, 0.273631014953536628714106525026464278841580701322, -0.375596658759470217921193587812233818069198035844, -0.496707284997266460253918104390039827614316606986, },
{-0.399240130942030631993614377373377038852889379404, -0.375596658759470217921193587812233818069198035844, 0.515558698984588831170516953155129953954612444934, 0.681799892669842024825223235064837788529063555454, },
{-0.527974562279487143272112013584881167498040512186, -0.496707284997266460253918104390039827614316606986, 0.681799892669842024825223235064837788529063555454, 0.901645330706569094725563713974900825858127066996, },
}
{{0, 0, 0, 0, 0, 0, 0, 0, 0, 0, 0, 0, 0, 0, 0, 0, 0, 0, 0, 0, 1, 0, 0, 0, 0, 0, 0, 0, 0, 0, 0, 0, 0, 0, 0, 0, 0, 0, 0, 0, 0, 0, 0, 0, 0, 0, 0, 0, 0, 0, 0, 0, 0, 0, }
}
{{-1, },
}
}
{{{0, 0, 0, 0, },
{0, 0, 0, 0, },
{0, 0, 0, 0, },
{0, 0, 0, 0, },
}
{{0.309164953867870417014923637548788009468933548092, 0.290855843237950466946710304450739590732612647916, -0.399240126715337044157934865174257222759262523572, -0.527974562559864994429061409225504448398099144118, },
{0.290855843237950466946710304450739590732612647916, 0.273631019581262010951383454795404024763173039594, -0.37559665886270855101377460124410840671506060872, -0.496707290656130745653666874890793602779885108356, },
{-0.399240126715337044157934865174257222759262523572, -0.37559665886270855101377460124410840671506060872, 0.515558690548731906341512507330828500745471059552, 0.681799889094030628440071654717987084993779133722, },
{-0.527974562559864994429061409225504448398099144118, -0.496707290656130745653666874890793602779885108356, 0.681799889094030628440071654717987084993779133722, 0.901645336002135665692180400325109465984729299434, },
}
{{0, 0, 0, 0, 0, 0, 0, 0, 0, 0, 0, 0, 0, 0, 0, 0, 0, 0, 0, 0, 0, 1, 0, 0, 0, 0, 0, 0, 0, 0, 0, 0, 0, 0, 0, 0, 0, 0, 0, 0, 0, 0, 0, 0, 0, 0, 0, 0, 0, 0, 0, 0, 0, 0, }
}
{{-1, },
}
}
{{{0, 0, 0, 0, },
{0, 0, 0, 0, },
{0, 0, 0, 0, },
{0, 0, 0, 0, },
}
{{0.309164957057746745695924215595278462740651233968, 0.290855841563080194103796957788595540878300405642, -0.399240129847684347593259198824756512256792094004, -0.52797456528777182721699754271878698218597314054, },
{0.290855841563080194103796957788595540878300405642, 0.273631013606649823423565852999866799850336438324, -0.375596655771411240716268056047325405296441528822, -0.49670728523735331763198037796583551137546613506, },
{-0.399240129847684347593259198824756512256792094004, -0.375596655771411240716268056047325405296441528822, 0.515558693319256171497360123923779479207559382404, 0.681799890931341861054965038428124755616221939992, },
{-0.52797456528777182721699754271878698218597314054, -0.49670728523735331763198037796583551137546613506, 0.681799890931341861054965038428124755616221939992, 0.90164533601634725938314980748120519927799652467, },
}
{{0, 0, 0, 0, 0, 0, 0, 0, 0, 0, 0, 0, 0, 0, 0, 0, 0, 0, 0, 0, 0, 0, 1, 0, 0, 0, 0, 0, 0, 0, 0, 0, 0, 0, 0, 0, 0, 0, 0, 0, 0, 0, 0, 0, 0, 0, 0, 0, 0, 0, 0, 0, 0, 0, }
}
{{-1, },
}
}
{{{0, 0, 0, 0, },
{0, 0, 0, 0, },
{0, 0, 0, 0, },
{0, 0, 0, 0, },
}
{{0.309164963034586900344367353128511472898655105916, 0.29085584663879156544924715967957550725536059728, -0.399240133719345480217515963762096412835317385766, -0.527974567384440609163792407300522743027033732042, },
{0.29085584663879156544924715967957550725536059728, 0.273631017867002575045255528366411323888333127202, -0.375596658707195944513629098487641198048161605502, -0.49670728627542318118776232050537592565738336734, },
{-0.399240133719345480217515963762096412835317385766, -0.375596658707195944513629098487641198048161605502, 0.51555869335170843003581236209695074500326026389, 0.68179988706998569207875816207869009406988477155, },
{-0.527974567384440609163792407300522743027033732042, -0.49670728627542318118776232050537592565738336734, 0.68179988706998569207875816207869009406988477155, 0.901645325746702094574564756408256790380206036544, },
}
{{0, 0, 0, 0, 0, 0, 0, 0, 0, 0, 0, 0, 0, 0, 0, 0, 0, 0, 0, 0, 0, 0, 0, 1, 0, 0, 0, 0, 0, 0, 0, 0, 0, 0, 0, 0, 0, 0, 0, 0, 0, 0, 0, 0, 0, 0, 0, 0, 0, 0, 0, 0, 0, 0, }
}
{{-1, },
}
}
{{{0, 0, 0, 0, },
{0, 0, 0, 0, },
{0, 0, 0, 0, },
{0, 0, 0, 0, },
}
{{0.309164959162615300469645922080824454930217743706, 0.290855843683980193939764790315137475873523167516, -0.3992401337614710651479260851622049752654302775, -0.527974563914031548871094869572519907069286787852, },
{0.290855843683980193939764790315137475873523167516, 0.273631015734300378568092502598657465737942504032, -0.375596659635091465946051305536266299561658398318, -0.496707284185220246882631481135944892037994525662, },
{-0.3992401337614710651479260851622049752654302775, -0.375596659635091465946051305536266299561658398318, 0.515558699917345986592414242725284800666061059082, 0.681799891199252032713652488020250700330347975804, },
{-0.527974563914031548871094869572519907069286787852, -0.496707284185220246882631481135944892037994525662, 0.681799891199252032713652488020250700330347975804, 0.901645325185738334369847332595364244490901087164, },
}
{{0, 0, 0, 0, 0, 0, 0, 0, 0, 0, 0, 0, 0, 0, 0, 0, 0, 0, 0, 0, 0, 0, 0, 0, 1, 0, 0, 0, 0, 0, 0, 0, 0, 0, 0, 0, 0, 0, 0, 0, 0, 0, 0, 0, 0, 0, 0, 0, 0, 0, 0, 0, 0, 0, }
}
{{-1, },
}
}
{{{0, 0, 0, 0, },
{0, 0, 0, 0, },
{0, 0, 0, 0, },
{0, 0, 0, 0, },
}
{{0.309164960522562388695507233152100397299615168624, 0.290855844762982008408706768589433252324505310332, -0.399240130713957681215873955556483372060989694996, -0.527974567403507906011349802424647295438400848576, },
{0.290855844762982008408706768589433252324505310332, 0.273631016560863207046412948479717667728999668658, -0.375596656509259117554239117419984712660260350922, -0.496707287125800834437792551475443604505002045702, },
{-0.399240130713957681215873955556483372060989694996, -0.375596656509259117554239117419984712660260350922, 0.515558689778707247394712758263802492426024947608, 0.681799887501930292847627133991064048953975534858, },
{-0.527974567403507906011349802424647295438400848576, -0.496707287125800834437792551475443604505002045702, 0.681799887501930292847627133991064048953975534858, 0.901645333137867156863367060104509353387052210654, },
}
{{0, 0, 0, 0, 0, 0, 0, 0, 0, 0, 0, 0, 0, 0, 0, 0, 0, 0, 0, 0, 0, 0, 0, 0, 0, 1, 0, 0, 0, 0, 0, 0, 0, 0, 0, 0, 0, 0, 0, 0, 0, 0, 0, 0, 0, 0, 0, 0, 0, 0, 0, 0, 0, 0, }
}
{{-1, },
}
}
{{{0, 0, 0, 0, },
{0, 0, 0, 0, },
{0, 0, 0, 0, },
{0, 0, 0, 0, },
}
{{0.309164956500837469087189336928134951298473675674, 0.290855843906267720397654035948413249178370499368, -0.399240127650962964308450297558747349235196447318, -0.52797456492933997947513717096449293786417117128, },
{0.290855843906267720397654035948413249178370499368, 0.273631018508392997321868813709568527129686620244, -0.375596657407232156770619091955258774520357523752, -0.496707289796448012210962595181741130673416368202, },
{-0.399240127650962964308450297558747349235196447318, -0.375596657407232156770619091955258774520357523752, 0.515558688574477677081244844747576728552468941782, 0.68179988794519258837117078014505098489218176048, },
{-0.52797456492933997947513717096449293786417117128, -0.496707289796448012210962595181741130673416368202, 0.68179988794519258837117078014505098489218176048, 0.901645336416291856509697004614850773046236583472, },
}
{{0, 0, 0, 0, 0, 0, 0, 0, 0, 0, 0, 0, 0, 0, 0, 0, 0, 0, 0, 0, 0, 0, 0, 0, 0, 0, 1, 0, 0, 0, 0, 0, 0, 0, 0, 0, 0, 0, 0, 0, 0, 0, 0, 0, 0, 0, 0, 0, 0, 0, 0, 0, 0, 0, }
}
{{-1, },
}
}
{{{0, 0, 0, 0, },
{0, 0, 0, 0, },
{0, 0, 0, 0, },
{0, 0, 0, 0, },
}
{{0.309164952042019634161730475336440406319846087762, 0.29085584066020833084163507790391013007882130145, -0.399240127781687192467473282699396292793220630702, -0.52797456078451407964441205175306178664098330857, },
{0.29085584066020833084163507790391013007882130145, 0.273631016347087824229026042856709398457718073772, -0.375596658755320975570511974413788370759329928054, -0.496707287517223642550053984547728190274177764702, },
{-0.399240127781687192467473282699396292793220630702, -0.375596658755320975570511974413788370759329928054, 0.51555869634755471827086946548478031350254904675, 0.6817998926490237834067239967650991839469085253, },
{-0.52797456078451407964441205175306178664098330857, -0.496707287517223642550053984547728190274177764702, 0.6817998926490237834067239967650991839469085253, 0.901645335263337823338374016322199462480490961054, },
}
{{0, 0, 0, 0, 0, 0, 0, 0, 0, 0, 0, 0, 0, 0, 0, 0, 0, 0, 0, 0, 0, 0, 0, 0, 0, 0, 0, 1, 0, 0, 0, 0, 0, 0, 0, 0, 0, 0, 0, 0, 0, 0, 0, 0, 0, 0, 0, 0, 0, 0, 0, 0, 0, 0, }
}
{{-1, },
}
}
{{{0, 0, 0, 0, },
{0, 0, 0, 0, },
{0, 0, 0, 0, },
{0, 0, 0, 0, },
}
{{0.309164961729309118752718525108625882127578231812, 0.290855845620283286646745409938175177050283041602, -0.399240131774942993527884865818134515416987279342, -0.52797456770792393444360859086088277425107496674, },
{0.290855845620283286646745409938175177050283041602, 0.273631017105875941710896629782265849965140616806, -0.37559665714844156701388610066007624070913778342, -0.49670728693746952636610866846518222301325560185, },
{-0.399240131774942993527884865818134515416987279342, -0.37559665714844156701388610066007624070913778342, 0.51555869050656161475265126693743549605644570798, 0.681799887045696742278860931879150190873098148826, },
{-0.52797456770792393444360859086088277425107496674, -0.49670728693746952636610866846518222301325560185, 0.681799887045696742278860931879150190873098148826, 0.901645330658253324783733578171803550466409886268, },
}
{{0, 0, 0, 0, 0, 0, 0, 0, 0, 0, 0, 0, 0, 0, 0, 0, 0, 0, 0, 0, 0, 0, 0, 0, 0, 0, 0, 0, 1, 0, 0, 0, 0, 0, 0, 0, 0, 0, 0, 0, 0, 0, 0, 0, 0, 0, 0, 0, 0, 0, 0, 0, 0, 0, }
}
{{-1, },
}
}
{{{0, 0, 0, 0, },
{0, 0, 0, 0, },
{0, 0, 0, 0, },
{0, 0, 0, 0, },
}
{{0.309164962452945309974979422675431703655651522424, 0.290855845844057376162825405021761547068052371256, -0.399240134071707828752220276388497180801777817928, -0.52797456679474838683630853578285803980531762934, },
{0.290855845844057376162825405021761547068052371256, 0.273631016886454884543713589772045312719306351148, -0.375596658719032676604678938550053102406673441834, -0.496707285297921553733645616143826536783867804378, },
{-0.399240134071707828752220276388497180801777817928, -0.375596658719032676604678938550053102406673441834, 0.51555869523169106498846628530320362917403959943, 0.681799888192922536220671564736449468741598215184, },
{-0.52797456679474838683630853578285803980531762934, -0.496707285297921553733645616143826536783867804378, 0.681799888192922536220671564736449468741598215184, 0.901645325428908740492840702249451132893071130422, },
}
{{0, 0, 0, 0, 0, 0, 0, 0, 0, 0, 0, 0, 0, 0, 0, 0, 0, 0, 0, 0, 0, 0, 0, 0, 0, 0, 0, 0, 0, 1, 0, 0, 0, 0, 0, 0, 0, 0, 0, 0, 0, 0, 0, 0, 0, 0, 0, 0, 0, 0, 0, 0, 0, 0, }
}
{{-1, },
}
}
{{{0, 0, 0, 0, },
{0, 0, 0, 0, },
{0, 0, 0, 0, },
{0, 0, 0, 0, },
}
{{0.30916495710817266422360804783539233631546117611, 0.290855846359811481476268957006170746030873934792, -0.399240128729840893352231298474954980357517404632, -0.527974563556564622075683881796798887818488066478, },
{0.290855846359811481476268957006170746030873934792, 0.273631022587346033181075833061812105703883307042, -0.375596660852764982631860358928812344781572741094, -0.496707291719244011273903327627824407691070070034, },
{-0.399240128729840893352231298474954980357517404632, -0.375596660852764982631860358928812344781572741094, 0.515558690348112676939762506966852131632173563598, 0.681799886675553309497804945891670497432514023588, },
{-0.527974563556564622075683881796798887818488066478, -0.496707291719244011273903327627824407691070070034, 0.681799886675553309497804945891670497432514023588, 0.901645329956368625655553612136074524087212988522, },
}
{{0, 0, 0, 0, 0, 0, 0, 0, 0, 0, 0, 0, 0, 0, 0, 0, 0, 0, 0, 0, 0, 0, 0, 0, 0, 0, 0, 0, 0, 0, 1, 0, 0, 0, 0, 0, 0, 0, 0, 0, 0, 0, 0, 0, 0, 0, 0, 0, 0, 0, 0, 0, 0, 0, }
}
{{-1, },
}
}
{{{0, 0, 0, 0, },
{0, 0, 0, 0, },
{0, 0, 0, 0, },
{0, 0, 0, 0, },
}
{{0.309164963457356932132604999141047651277580431876, 0.290855846787630374877540311623816801132275019074, -0.399240133248192384192670883729119818119660501668, -0.527974568211898907541779019576295931434827273842, },
{0.290855846787630374877540311623816801132275019074, 0.273631017772872509605969128543748018720284876034, -0.375596657942535501656090850026941133679329288418, -0.496707286628830739547976569698277846181768543222, },
{-0.399240133248192384192670883729119818119660501668, -0.375596657942535501656090850026941133679329288418, 0.515558691429856715569279697438246957967994873708, 0.681799886401582492820039670194429878514401063804, },
{-0.527974568211898907541779019576295931434827273842, -0.496707286628830739547976569698277846181768543222, 0.681799886401582492820039670194429878514401063804, 0.90164532733991384269214617487708880461219659331, },
}
{{0, 0, 0, 0, 0, 0, 0, 0, 0, 0, 0, 0, 0, 0, 0, 0, 0, 0, 0, 0, 0, 0, 0, 0, 0, 0, 0, 0, 0, 0, 0, 1, 0, 0, 0, 0, 0, 0, 0, 0, 0, 0, 0, 0, 0, 0, 0, 0, 0, 0, 0, 0, 0, 0, }
}
{{-1, },
}
}
{{{0, 0, 0, 0, },
{0, 0, 0, 0, },
{0, 0, 0, 0, },
{0, 0, 0, 0, },
}
