55  = mDIM
4 = nBLOCK
4 4 -45 1  = bLOCKsTRUCT
{0.5, 0.5, 0.5, 0.5, 0, 0, 0, 0, 0, 0, 0, 0, 0, 0, 0, 0, 0, 0, 0, 0, 0, 0, 0, 0, 0, 0, 0, 0, 0, 0, 0, 0, 0, 0, 0, 0, 0, 0, 0, 0, 0, 0, 0, 0, 0, 0, 0, 0, 0, 0, 0, 0, 0, 0, 0, }
{{{0, 0, 0, 0, },
{0, 0, 0, 0, },
{0, 0, 0, 0, },
{0, 0, 0, 0, },
}
{{0.166789727694096668078097945002, -0.433746826459734903217754283342, -0.200346407077030046150621508483, -0.278362443284570984162122572445, },
{-0.433746826459734903217754283342, 1.12798499083196390492936289564, 0.521013011194859507122762298212, 0.723898456154947142703092901436, },
{-0.200346407077030046150621508483, 0.521013011194859507122762298212, 0.240654405901375530557209444679, 0.334366607274107469704111487004, },
{-0.278362443284570984162122572445, 0.723898456154947142703092901436, 0.334366607274107469704111487004, 0.464570875572563896435329714682, },
}
{{0, 0, 0, 0, 0, 0, 0, 0, 0, 0, 0, 0, 0, 0, 0, 0, 0, 0, 0, 0, 0, 0, 0, 0, 0, 0, 0, 0, 0, 0, 0, 0, 0, 0, 0, 0, 0, 0, 0, 0, 0, 0, 0, 0, 0, }
}
{{-1, },
}
}
{{{1, 0, 0, 0, },
{0, 0, 0, 0, },
{0, 0, 0, 0, },
{0, 0, 0, 0, },
}
{{1, 0, 0, 0, },
{0, 0, 0, 0, },
{0, 0, 0, 0, },
{0, 0, 0, 0, },
}
{{0, 0, 0, 0, 0, 0, 0, 0, 0, 0, 0, 0, 0, 0, 0, 0, 0, 0, 0, 0, 0, 0, 0, 0, 0, 0, 0, 0, 0, 0, 0, 0, 0, 0, 0, 0, 0, 0, 0, 0, 0, 0, 0, 0, 0, }
}
{{0, },
}
}
{{{0, 0, 0, 0, },
{0, 1, 0, 0, },
{0, 0, 0, 0, },
{0, 0, 0, 0, },
}
{{0, 0, 0, 0, },
{0, 1, 0, 0, },
{0, 0, 0, 0, },
{0, 0, 0, 0, },
}
{{0, 0, 0, 0, 0, 0, 0, 0, 0, 0, 0, 0, 0, 0, 0, 0, 0, 0, 0, 0, 0, 0, 0, 0, 0, 0, 0, 0, 0, 0, 0, 0, 0, 0, 0, 0, 0, 0, 0, 0, 0, 0, 0, 0, 0, }
}
{{0, },
}
}
{{{0, 0, 0, 0, },
{0, 0, 0, 0, },
{0, 0, 1, 0, },
{0, 0, 0, 0, },
}
{{0, 0, 0, 0, },
{0, 0, 0, 0, },
{0, 0, 1, 0, },
{0, 0, 0, 0, },
}
{{0, 0, 0, 0, 0, 0, 0, 0, 0, 0, 0, 0, 0, 0, 0, 0, 0, 0, 0, 0, 0, 0, 0, 0, 0, 0, 0, 0, 0, 0, 0, 0, 0, 0, 0, 0, 0, 0, 0, 0, 0, 0, 0, 0, 0, }
}
{{0, },
}
}
{{{0, 0, 0, 0, },
{0, 0, 0, 0, },
{0, 0, 0, 0, },
{0, 0, 0, 1, },
}
{{0, 0, 0, 0, },
{0, 0, 0, 0, },
{0, 0, 0, 0, },
{0, 0, 0, 1, },
}
{{0, 0, 0, 0, 0, 0, 0, 0, 0, 0, 0, 0, 0, 0, 0, 0, 0, 0, 0, 0, 0, 0, 0, 0, 0, 0, 0, 0, 0, 0, 0, 0, 0, 0, 0, 0, 0, 0, 0, 0, 0, 0, 0, 0, 0, }
}
{{0, },
}
}
{{{0, 1, 0, 0, },
{1, 0, 0, 0, },
{0, 0, 0, 0, },
{0, 0, 0, 0, },
}
{{0, 1, 0, 0, },
{1, 0, 0, 0, },
{0, 0, 0, 0, },
{0, 0, 0, 0, },
}
{{0, 0, 0, 0, 0, 0, 0, 0, 0, 0, 0, 0, 0, 0, 0, 0, 0, 0, 0, 0, 0, 0, 0, 0, 0, 0, 0, 0, 0, 0, 0, 0, 0, 0, 0, 0, 0, 0, 0, 0, 0, 0, 0, 0, 0, }
}
{{0, },
}
}
{{{0, 0, 1, 0, },
{0, 0, 0, 0, },
{1, 0, 0, 0, },
{0, 0, 0, 0, },
}
{{0, 0, 1, 0, },
{0, 0, 0, 0, },
{1, 0, 0, 0, },
{0, 0, 0, 0, },
}
{{0, 0, 0, 0, 0, 0, 0, 0, 0, 0, 0, 0, 0, 0, 0, 0, 0, 0, 0, 0, 0, 0, 0, 0, 0, 0, 0, 0, 0, 0, 0, 0, 0, 0, 0, 0, 0, 0, 0, 0, 0, 0, 0, 0, 0, }
}
{{0, },
}
}
{{{0, 0, 0, 1, },
{0, 0, 0, 0, },
{0, 0, 0, 0, },
{1, 0, 0, 0, },
}
{{0, 0, 0, 1, },
{0, 0, 0, 0, },
{0, 0, 0, 0, },
{1, 0, 0, 0, },
}
{{0, 0, 0, 0, 0, 0, 0, 0, 0, 0, 0, 0, 0, 0, 0, 0, 0, 0, 0, 0, 0, 0, 0, 0, 0, 0, 0, 0, 0, 0, 0, 0, 0, 0, 0, 0, 0, 0, 0, 0, 0, 0, 0, 0, 0, }
}
{{0, },
}
}
{{{0, 0, 0, 0, },
{0, 0, 1, 0, },
{0, 1, 0, 0, },
{0, 0, 0, 0, },
}
{{0, 0, 0, 0, },
{0, 0, 1, 0, },
{0, 1, 0, 0, },
{0, 0, 0, 0, },
}
{{0, 0, 0, 0, 0, 0, 0, 0, 0, 0, 0, 0, 0, 0, 0, 0, 0, 0, 0, 0, 0, 0, 0, 0, 0, 0, 0, 0, 0, 0, 0, 0, 0, 0, 0, 0, 0, 0, 0, 0, 0, 0, 0, 0, 0, }
}
{{0, },
}
}
{{{0, 0, 0, 0, },
{0, 0, 0, 1, },
{0, 0, 0, 0, },
{0, 1, 0, 0, },
}
{{0, 0, 0, 0, },
{0, 0, 0, 1, },
{0, 0, 0, 0, },
{0, 1, 0, 0, },
}
{{0, 0, 0, 0, 0, 0, 0, 0, 0, 0, 0, 0, 0, 0, 0, 0, 0, 0, 0, 0, 0, 0, 0, 0, 0, 0, 0, 0, 0, 0, 0, 0, 0, 0, 0, 0, 0, 0, 0, 0, 0, 0, 0, 0, 0, }
}
{{0, },
}
}
{{{0, 0, 0, 0, },
{0, 0, 0, 0, },
{0, 0, 0, 1, },
{0, 0, 1, 0, },
}
{{0, 0, 0, 0, },
{0, 0, 0, 0, },
{0, 0, 0, 1, },
{0, 0, 1, 0, },
}
{{0, 0, 0, 0, 0, 0, 0, 0, 0, 0, 0, 0, 0, 0, 0, 0, 0, 0, 0, 0, 0, 0, 0, 0, 0, 0, 0, 0, 0, 0, 0, 0, 0, 0, 0, 0, 0, 0, 0, 0, 0, 0, 0, 0, 0, }
}
{{0, },
}
}
{{{0, 0, 0, 0, },
{0, 0, 0, 0, },
{0, 0, 0, 0, },
{0, 0, 0, 0, },
}
{{0.168172754278704836973308968895, -0.435213549735783812362551526806, -0.201210062385327438715102093903, -0.279583816049847756538795645106, },
{-0.435213549735783812362551526806, 1.12628727932777896662933717686, 0.520710657733251415648769790149, 0.723533758804225152837465506012, },
{-0.201210062385327438715102093903, 0.520710657733251415648769790149, 0.240737504590146944056424839791, 0.334507675221212532676758344904, },
{-0.279583816049847756538795645106, 0.723533758804225152837465506012, 0.334507675221212532676758344904, 0.464802461803369252340929014452, },
}
{{1, 0, 0, 0, 0, 0, 0, 0, 0, 0, 0, 0, 0, 0, 0, 0, 0, 0, 0, 0, 0, 0, 0, 0, 0, 0, 0, 0, 0, 0, 0, 0, 0, 0, 0, 0, 0, 0, 0, 0, 0, 0, 0, 0, 0, }
}
{{-1, },
}
}
{{{0, 0, 0, 0, },
{0, 0, 0, 0, },
{0, 0, 0, 0, },
{0, 0, 0, 0, },
}
{{0.167998534311519137885716718974, -0.435363729474422694643015635925, -0.201099623645991603618307763943, -0.278910246351369868877854744632, },
{-0.435363729474422694643015635925, 1.1282335153615803344444010393, 0.521144321319347203972291932483, 0.722788478707795969515345799872, },
{-0.201099623645991603618307763943, 0.521144321319347203972291932483, 0.240722687232316808900100561961, 0.333864493533414430121241463154, },
{-0.278910246351369868877854744632, 0.722788478707795969515345799872, 0.333864493533414430121241463154, 0.463045263094583718769781679764, },
}
{{0, 1, 0, 0, 0, 0, 0, 0, 0, 0, 0, 0, 0, 0, 0, 0, 0, 0, 0, 0, 0, 0, 0, 0, 0, 0, 0, 0, 0, 0, 0, 0, 0, 0, 0, 0, 0, 0, 0, 0, 0, 0, 0, 0, 0, }
}
{{-1, },
}
}
{{{0, 0, 0, 0, },
{0, 0, 0, 0, },
{0, 0, 0, 0, },
{0, 0, 0, 0, },
}
{{0.167896520553797916061524523791, -0.435138278234588083283725043441, -0.200711438175061910031011583886, -0.279237169614398672641831356472, },
{-0.435138278234588083283725043441, 1.12775011989775682674257225623, 0.520184869474406717704633655462, 0.723700412637053432965738898589, },
{-0.200711438175061910031011583886, 0.520184869474406717704633655462, 0.23993994206326289275555366302, 0.333813313821957344961001780777, },
{-0.279237169614398672641831356472, 0.723700412637053432965738898589, 0.333813313821957344961001780777, 0.464413417485182364440349556962, },
}
{{0, 0, 1, 0, 0, 0, 0, 0, 0, 0, 0, 0, 0, 0, 0, 0, 0, 0, 0, 0, 0, 0, 0, 0, 0, 0, 0, 0, 0, 0, 0, 0, 0, 0, 0, 0, 0, 0, 0, 0, 0, 0, 0, 0, 0, }
}
{{-1, },
}
}
{{{0, 0, 0, 0, },
{0, 0, 0, 0, },
{0, 0, 0, 0, },
{0, 0, 0, 0, },
}
{{0.167824404633421277034708831691, -0.435051002499512314600881143375, -0.201247755838534355592707516545, -0.278771850211608044371254962865, },
{-0.435051002499512314600881143375, 1.12778219108985743521113994148, 0.521694315672225919445667397703, 0.722659932374649080554332602297, },
{-0.201247755838534355592707516545, 0.521694315672225919445667397703, 0.241327590695238268971065070984, 0.334291126303031920911784445104, },
{-0.278771850211608044371254962865, 0.722659932374649080554332602297, 0.334291126303031920911784445104, 0.463065813581483018783086155842, },
}
{{0, 0, 0, 1, 0, 0, 0, 0, 0, 0, 0, 0, 0, 0, 0, 0, 0, 0, 0, 0, 0, 0, 0, 0, 0, 0, 0, 0, 0, 0, 0, 0, 0, 0, 0, 0, 0, 0, 0, 0, 0, 0, 0, 0, 0, }
}
{{-1, },
}
}
{{{0, 0, 0, 0, },
{0, 0, 0, 0, },
{0, 0, 0, 0, },
{0, 0, 0, 0, },
}
{{0.167722443765823176553833958317, -0.434795766948158565355873831917, -0.201012581379214632751949910961, -0.279035217419045214203028645151, },
{-0.434795766948158565355873831917, 1.12714407631687286695982891812, 0.521095552417738824995305464234, 0.723357760829275543921703325864, },
{-0.201012581379214632751949910961, 0.521095552417738824995305464234, 0.24091026201091480161102651253, 0.33441910390612885424876688976, },
{-0.279035217419045214203028645151, 0.723357760829275543921703325864, 0.33441910390612885424876688976, 0.464223217906389154875310611031, },
}
{{0, 0, 0, 0, 1, 0, 0, 0, 0, 0, 0, 0, 0, 0, 0, 0, 0, 0, 0, 0, 0, 0, 0, 0, 0, 0, 0, 0, 0, 0, 0, 0, 0, 0, 0, 0, 0, 0, 0, 0, 0, 0, 0, 0, 0, }
}
{{-1, },
}
}
{{{0, 0, 0, 0, },
{0, 0, 0, 0, },
{0, 0, 0, 0, },
{0, 0, 0, 0, },
}
{{0.167680219266143212331228290433, -0.434443979900889244433901435611, -0.200792156446904884807014896604, -0.279615308658917984227456029894, },
{-0.434443979900889244433901435611, 1.12560427519809191194432312618, 0.520233954615831093675792222193, 0.72445747069418169476754919865, },
{-0.200792156446904884807014896604, 0.520233954615831093675792222193, 0.240442732404864796308857812108, 0.334831150906822347934747063155, },
{-0.279615308658917984227456029894, 0.72445747069418169476754919865, 0.334831150906822347934747063155, 0.46627277313090007941559077128, },
}
{{0, 0, 0, 0, 0, 1, 0, 0, 0, 0, 0, 0, 0, 0, 0, 0, 0, 0, 0, 0, 0, 0, 0, 0, 0, 0, 0, 0, 0, 0, 0, 0, 0, 0, 0, 0, 0, 0, 0, 0, 0, 0, 0, 0, 0, }
}
{{-1, },
}
}
{{{0, 0, 0, 0, },
{0, 0, 0, 0, },
{0, 0, 0, 0, },
{0, 0, 0, 0, },
}
{{0.167548457266936275282727755481, -0.434360225440239166977847678417, -0.2008722699186644812975790772, -0.279295461356911397114750759757, },
{-0.434360225440239166977847678417, 1.12605516351553402444471269179, 0.520750389886052529541682596443, 0.724058230904186922825095987397, },
{-0.2008722699186644812975790772, 0.520750389886052529541682596443, 0.24082387555495167060870053567, 0.334844702338030088014165686246, },
{-0.279295461356911397114750759757, 0.724058230904186922825095987397, 0.334844702338030088014165686246, 0.46557250366257802966385901706, },
}
{{0, 0, 0, 0, 0, 0, 1, 0, 0, 0, 0, 0, 0, 0, 0, 0, 0, 0, 0, 0, 0, 0, 0, 0, 0, 0, 0, 0, 0, 0, 0, 0, 0, 0, 0, 0, 0, 0, 0, 0, 0, 0, 0, 0, 0, }
}
{{-1, },
}
}
{{{0, 0, 0, 0, },
{0, 0, 0, 0, },
{0, 0, 0, 0, },
{0, 0, 0, 0, },
}
{{0.167518614977577402292385897454, -0.434366302905569986099256384612, -0.200920242488110649294349308126, -0.279162523720169903225928932704, },
{-0.434366302905569986099256384612, 1.12628727932777896662933717686, 0.520974835663086469845078158364, 0.723852649774768870708143911775, },
{-0.200920242488110649294349308126, 0.520974835663086469845078158364, 0.240981838626618436515926522801, 0.334824890755914629409318224625, },
{-0.279162523720169903225928932704, 0.723852649774768870708143911775, 0.334824890755914629409318224625, 0.465212267068025194562350402883, },
}
{{0, 0, 0, 0, 0, 0, 0, 1, 0, 0, 0, 0, 0, 0, 0, 0, 0, 0, 0, 0, 0, 0, 0, 0, 0, 0, 0, 0, 0, 0, 0, 0, 0, 0, 0, 0, 0, 0, 0, 0, 0, 0, 0, 0, 0, }
}
{{-1, },
}
}
{{{0, 0, 0, 0, },
{0, 0, 0, 0, },
{0, 0, 0, 0, },
{0, 0, 0, 0, },
}
{{0.167476416144489070042446145038, -0.434527689995465331470655756923, -0.201098675610569302134171956247, -0.278656583663935452080914555032, },
{-0.434527689995465331470655756923, 1.12740837020238739136538756444, 0.521762675520946775197348238222, 0.722991358359696711226926220665, },
{-0.201098675610569302134171956247, 0.521762675520946775197348238222, 0.241470878487363128236136632358, 0.334599170528209163104999122038, },
{-0.278656583663935452080914555032, 0.722991358359696711226926220665, 0.334599170528209163104999122038, 0.463644335165760410356029658161, },
}
{{0, 0, 0, 0, 0, 0, 0, 0, 1, 0, 0, 0, 0, 0, 0, 0, 0, 0, 0, 0, 0, 0, 0, 0, 0, 0, 0, 0, 0, 0, 0, 0, 0, 0, 0, 0, 0, 0, 0, 0, 0, 0, 0, 0, 0, }
}
{{-1, },
}
}
{{{0, 0, 0, 0, },
{0, 0, 0, 0, },
{0, 0, 0, 0, },
{0, 0, 0, 0, },
}
{{0.167446580271778105045270765878, -0.434728719271526754865122659829, -0.200595110066141571344875584247, -0.278616843993563699129103437496, },
{-0.434728719271526754865122659829, 1.12865284589699464745934585677, 0.520789705884977946214089223318, 0.72335155223955965250773314752, },
{-0.200595110066141571344875584247, 0.520789705884977946214089223318, 0.240305882133499378045800575107, 0.333773173488868299238734764802, },
{-0.278616843993563699129103437496, 0.72335155223955965250773314752, 0.333773173488868299238734764802, 0.463594691697727869449582802249, },
}
{{0, 0, 0, 0, 0, 0, 0, 0, 0, 1, 0, 0, 0, 0, 0, 0, 0, 0, 0, 0, 0, 0, 0, 0, 0, 0, 0, 0, 0, 0, 0, 0, 0, 0, 0, 0, 0, 0, 0, 0, 0, 0, 0, 0, 0, }
}
{{-1, },
}
}
{{{0, 0, 0, 0, },
{0, 0, 0, 0, },
{0, 0, 0, 0, },
{0, 0, 0, 0, },
}
{{0.167200755136425987450268437722, -0.434163758743428965361347498902, -0.201011254816889914106701793923, -0.278463146188823079618432424938, },
{-0.434163758743428965361347498902, 1.12737630432601195982425452568, 0.521958180570568930644386906871, 0.72307452273295188614859838128, },
{-0.201011254816889914106701793923, 0.521958180570568930644386906871, 0.241658744484091090702046939815, 0.334772569597563750305441051542, },
{-0.278463146188823079618432424938, 0.72307452273295188614859838128, 0.334772569597563750305441051542, 0.463764196053470962023430096782, },
}
{{0, 0, 0, 0, 0, 0, 0, 0, 0, 0, 1, 0, 0, 0, 0, 0, 0, 0, 0, 0, 0, 0, 0, 0, 0, 0, 0, 0, 0, 0, 0, 0, 0, 0, 0, 0, 0, 0, 0, 0, 0, 0, 0, 0, 0, }
}
{{-1, },
}
}
{{{0, 0, 0, 0, },
{0, 0, 0, 0, },
{0, 0, 0, 0, },
{0, 0, 0, 0, },
}
{{0.167188406566284293581822513073, -0.434645351633819662328072268654, -0.200251748778956792394498068155, -0.278222043081561476530341531037, },
{-0.434645351633819662328072268654, 1.12996221195509745835578033617, 0.520601239947874656057920771732, 0.723303249496078940464726028004, },
{-0.200251748778956792394498068155, 0.520601239947874656057920771732, 0.239853729768827530233229932569, 0.333243505457109145585188359939, },
{-0.278222043081561476530341531037, 0.723303249496078940464726028004, 0.333243505457109145585188359939, 0.462995651709790717829167218188, },
}
{{0, 0, 0, 0, 0, 0, 0, 0, 0, 0, 0, 1, 0, 0, 0, 0, 0, 0, 0, 0, 0, 0, 0, 0, 0, 0, 0, 0, 0, 0, 0, 0, 0, 0, 0, 0, 0, 0, 0, 0, 0, 0, 0, 0, 0, }
}
{{-1, },
}
}
{{{0, 0, 0, 0, },
{0, 0, 0, 0, },
{0, 0, 0, 0, },
{0, 0, 0, 0, },
}
{{0.167128788811908215996520908936, -0.43412736806534779492104885564, -0.200982893773431241095984033492, -0.278325080223095799158069531761, },
{-0.43412736806534779492104885564, 1.12767269507021872467104677273, 0.52206550002712766151670565402, 0.722966613967468181440890782988, },
{-0.200982893773431241095984033492, 0.52206550002712766151670565402, 0.241694587010997323729672928383, 0.334703436975871092615358482108, },
{-0.278325080223095799158069531761, 0.722966613967468181440890782988, 0.334703436975871092615358482108, 0.463503929106875735602759389954, },
}
{{0, 0, 0, 0, 0, 0, 0, 0, 0, 0, 0, 0, 1, 0, 0, 0, 0, 0, 0, 0, 0, 0, 0, 0, 0, 0, 0, 0, 0, 0, 0, 0, 0, 0, 0, 0, 0, 0, 0, 0, 0, 0, 0, 0, 0, }
}
{{-1, },
}
}
{{{0, 0, 0, 0, },
{0, 0, 0, 0, },
{0, 0, 0, 0, },
{0, 0, 0, 0, },
}
{{0.167098983921514059899446091737, -0.433900046649268775732279392482, -0.200653532154569439411363714246, -0.27882755776121422287991165105, },
{-0.433900046649268775732279392482, 1.12669297002229036109300358641, 0.521029960320415582511512474274, 0.724021699476748818102486153686, },
{-0.200653532154569439411363714246, 0.521029960320415582511512474274, 0.240946048989835324831617856042, 0.33481792057513865544468152654, },
{-0.27882755776121422287991165105, 0.724021699476748818102486153686, 0.33481792057513865544468152654, 0.465261997066360254175932465812, },
}
{{0, 0, 0, 0, 0, 0, 0, 0, 0, 0, 0, 0, 0, 1, 0, 0, 0, 0, 0, 0, 0, 0, 0, 0, 0, 0, 0, 0, 0, 0, 0, 0, 0, 0, 0, 0, 0, 0, 0, 0, 0, 0, 0, 0, 0, }
}
{{-1, },
}
}
{{{0, 0, 0, 0, },
{0, 0, 0, 0, },
{0, 0, 0, 0, },
{0, 0, 0, 0, },
}
{{0.167098983921514059899446091737, -0.433900046649268775732279392482, -0.200653532154569439411363714246, -0.27882755776121422287991165105, },
{-0.433900046649268775732279392482, 1.12669297002229036109300358641, 0.521029960320415582511512474274, 0.724021699476748818102486153686, },
{-0.200653532154569439411363714246, 0.521029960320415582511512474274, 0.240946048989835324831617856042, 0.33481792057513865544468152654, },
{-0.27882755776121422287991165105, 0.724021699476748818102486153686, 0.33481792057513865544468152654, 0.465261997066360254175932465812, },
}
{{0, 0, 0, 0, 0, 0, 0, 0, 0, 0, 0, 0, 0, 0, 1, 0, 0, 0, 0, 0, 0, 0, 0, 0, 0, 0, 0, 0, 0, 0, 0, 0, 0, 0, 0, 0, 0, 0, 0, 0, 0, 0, 0, 0, 0, }
}
{{-1, },
}
}
{{{0, 0, 0, 0, },
{0, 0, 0, 0, },
{0, 0, 0, 0, },
{0, 0, 0, 0, },
}
{{0.167086639110157685560449322709, -0.434021745401975632097199478194, -0.200415370409771852538297001126, -0.27877255437528975735016225974, },
{-0.434021745401975632097199478194, 1.12740837020238739136538756444, 0.520595957485774753684869641236, 0.724135402235012574401643241775, },
{-0.200415370409771852538297001126, 0.520595957485774753684869641236, 0.240392175642512082347824866082, 0.334379248052069067921578664869, },
{-0.27877255437528975735016225974, 0.724135402235012574401643241775, 0.334379248052069067921578664869, 0.465112815044942840726338246765, },
}
{{0, 0, 0, 0, 0, 0, 0, 0, 0, 0, 0, 0, 0, 0, 0, 1, 0, 0, 0, 0, 0, 0, 0, 0, 0, 0, 0, 0, 0, 0, 0, 0, 0, 0, 0, 0, 0, 0, 0, 0, 0, 0, 0, 0, 0, }
}
{{-1, },
}
}
{{{0, 0, 0, 0, },
{0, 0, 0, 0, },
{0, 0, 0, 0, },
{0, 0, 0, 0, },
}
{{0.167027039504802600888915322799, -0.433677654056508945029121920509, -0.200769103760146309308141011387, -0.278875431745531984882206462661, },
{-0.433677654056508945029121920509, 1.12602311688910231688307908963, 0.521287296858449948938767380245, 0.724086611197589319815313184429, },
{-0.200769103760146309308141011387, 0.521287296858449948938767380245, 0.241327590695238268971065070984, 0.33521261382750197559208421157, },
{-0.278875431745531984882206462661, 0.724086611197589319815313184429, 0.33521261382750197559208421157, 0.46562225291085681325694051659, },
}
{{0, 0, 0, 0, 0, 0, 0, 0, 0, 0, 0, 0, 0, 0, 0, 0, 1, 0, 0, 0, 0, 0, 0, 0, 0, 0, 0, 0, 0, 0, 0, 0, 0, 0, 0, 0, 0, 0, 0, 0, 0, 0, 0, 0, 0, }
}
{{-1, },
}
}
{{{0, 0, 0, 0, },
{0, 0, 0, 0, },
{0, 0, 0, 0, },
{0, 0, 0, 0, },
}
{{0.166997243688918941248724307714, -0.434483621764602520090229879268, -0.199978474565534880611505408059, -0.278098903462234527909520798742, },
{-0.434483621764602520090229879268, 1.1304139721811011443219129662, 0.520292251446060431910019442722, 0.723541395749718122887742460144, },
{-0.199978474565534880611505408059, 0.520292251446060431910019442722, 0.239473355404918575176212953051, 0.333022229973582771084861124827, },
{-0.278098903462234527909520798742, 0.723541395749718122887742460144, 0.333022229973582771084861124827, 0.463115428725061339253149773039, },
}
{{0, 0, 0, 0, 0, 0, 0, 0, 0, 0, 0, 0, 0, 0, 0, 0, 0, 1, 0, 0, 0, 0, 0, 0, 0, 0, 0, 0, 0, 0, 0, 0, 0, 0, 0, 0, 0, 0, 0, 0, 0, 0, 0, 0, 0, }
}
{{-1, },
}
}
{{{0, 0, 0, 0, },
{0, 0, 0, 0, },
{0, 0, 0, 0, },
{0, 0, 0, 0, },
}
{{0.166955110579249546328434834842, -0.43406047717969268869552507117, -0.200698634172687142284067861178, -0.278114675272134872543147363135, },
{-0.43406047717969268869552507117, 1.12849793693514741397981108909, 0.521789028296666694559993260775, 0.723060158149492236407054578262, },
{-0.200698634172687142284067861178, 0.521789028296666694559993260775, 0.241262107036023857637624047889, 0.334324809086947872953544954669, },
{-0.278114675272134872543147363135, 0.723060158149492236407054578262, 0.334324809086947872953544954669, 0.46328484544957918205413002818, },
}
{{0, 0, 0, 0, 0, 0, 0, 0, 0, 0, 0, 0, 0, 0, 0, 0, 0, 0, 1, 0, 0, 0, 0, 0, 0, 0, 0, 0, 0, 0, 0, 0, 0, 0, 0, 0, 0, 0, 0, 0, 0, 0, 0, 0, 0, }
}
{{-1, },
}
}
{{{0, 0, 0, 0, },
{0, 0, 0, 0, },
{0, 0, 0, 0, },
{0, 0, 0, 0, },
}
{{0.166942771083618348916872712306, -0.434008477120865857181000984563, -0.200993786213803001424605859826, -0.277945665626982230505789485299, },
{-0.434008477120865857181000984563, 1.1283109594390621604954259594, 0.522532401368348118692232971598, 0.722587592610945505700780581413, },
{-0.200993786213803001424605859826, 0.522532401368348118692232971598, 0.241990125324594802256348376864, 0.334637740427232901676789510153, },
{-0.277945665626982230505789485299, 0.722587592610945505700780581413, 0.334637740427232901676789510153, 0.462756144152724688331352951428, },
}
{{0, 0, 0, 0, 0, 0, 0, 0, 0, 0, 0, 0, 0, 0, 0, 0, 0, 0, 0, 1, 0, 0, 0, 0, 0, 0, 0, 0, 0, 0, 0, 0, 0, 0, 0, 0, 0, 0, 0, 0, 0, 0, 0, 0, 0, }
}
{{-1, },
}
}
{{{0, 0, 0, 0, },
{0, 0, 0, 0, },
{0, 0, 0, 0, },
{0, 0, 0, 0, },
}
{{0.166883197144854896218004627865, -0.434011661026139167669395014542, -0.200538823383043646523445679407, -0.278090724782214528439737668784, },
{-0.434011661026139167669395014542, 1.12873030436471214689468922547, 0.521539551768982305310758892283, 0.723228098715826492989718553052, },
{-0.200538823383043646523445679407, 0.521539551768982305310758892283, 0.240981838626618436515926522801, 0.334173767615180644729953415622, },
{-0.278090724782214528439737668784, 0.723228098715826492989718553052, 0.334173767615180644729953415622, 0.46340465986381452037137962386, },
}
{{0, 0, 0, 0, 0, 0, 0, 0, 0, 0, 0, 0, 0, 0, 0, 0, 0, 0, 0, 0, 1, 0, 0, 0, 0, 0, 0, 0, 0, 0, 0, 0, 0, 0, 0, 0, 0, 0, 0, 0, 0, 0, 0, 0, 0, }
}
{{-1, },
}
}
{{{0, 0, 0, 0, },
{0, 0, 0, 0, },
{0, 0, 0, 0, },
{0, 0, 0, 0, },
}
{{0.166853414162267052564146570514, -0.433784460102994866918317730547, -0.200679617271349798060838888318, -0.278254379825200422781227657714, },
{-0.433784460102994866918317730547, 1.12775011989775682674257225623, 0.521725610883030771979250114611, 0.723403992239461153450704751205, },
{-0.200679617271349798060838888318, 0.521725610883030771979250114611, 0.241363408656475601091756976458, 0.334664907684136024933418374256, },
{-0.278254379825200422781227657714, 0.723403992239461153450704751205, 0.334664907684136024933418374256, 0.464033057283500519601524196801, },
}
{{0, 0, 0, 0, 0, 0, 0, 0, 0, 0, 0, 0, 0, 0, 0, 0, 0, 0, 0, 0, 0, 1, 0, 0, 0, 0, 0, 0, 0, 0, 0, 0, 0, 0, 0, 0, 0, 0, 0, 0, 0, 0, 0, 0, 0, }
}
{{-1, },
}
}
{{{0, 0, 0, 0, },
{0, 0, 0, 0, },
{0, 0, 0, 0, },
{0, 0, 0, 0, },
}
{{0.166781522635678714896933123385, -0.434074025953037840311226371014, -0.199957095985686632018891387261, -0.278107656738491025463635244298, },
{-0.434074025953037840311226371014, 1.12974301367105272882975935791, 0.520418451041393455418831957151, 0.723817052998995885950471011839, },
{-0.199957095985686632018891387261, 0.520418451041393455418831957151, 0.239731833617855298713232178977, 0.333427819425103171090334791812, },
{-0.278107656738491025463635244298, 0.723817052998995885950471011839, 0.333427819425103171090334791812, 0.463743630075413257560075339724, },
}
{{0, 0, 0, 0, 0, 0, 0, 0, 0, 0, 0, 0, 0, 0, 0, 0, 0, 0, 0, 0, 0, 0, 1, 0, 0, 0, 0, 0, 0, 0, 0, 0, 0, 0, 0, 0, 0, 0, 0, 0, 0, 0, 0, 0, 0, }
}
{{-1, },
}
}
{{{0, 0, 0, 0, },
{0, 0, 0, 0, },
{0, 0, 0, 0, },
{0, 0, 0, 0, },
}
{{0.166781522635678714896933123385, -0.433236087194911920174011637186, -0.200917748033830576033805039477, -0.278721223188581144852129836239, },
{-0.433236087194911920174011637186, 1.1253855000350321531648407224, 0.521909247682866010710013826701, 0.724013609206423997104562808556, },
{-0.200917748033830576033805039477, 0.521909247682866010710013826701, 0.242040849831827376704217090431, 0.335768852612121441974711405089, },
{-0.278721223188581144852129836239, 0.724013609206423997104562808556, 0.335768852612121441974711405089, 0.465792127497461755234009063788, },
}
{{0, 0, 0, 0, 0, 0, 0, 0, 0, 0, 0, 0, 0, 0, 0, 0, 0, 0, 0, 0, 0, 0, 0, 1, 0, 0, 0, 0, 0, 0, 0, 0, 0, 0, 0, 0, 0, 0, 0, 0, 0, 0, 0, 0, 0, }
}
{{-1, },
}
}
{{{0, 0, 0, 0, },
{0, 0, 0, 0, },
{0, 0, 0, 0, },
{0, 0, 0, 0, },
}
{{0.166650114275252491735871727743, -0.434010770418095235757018429712, -0.199719713980970120610258798109, -0.277983191885770652429425056587, },
{-0.434010770418095235757018429712, 1.13030434847340987865196839397, 0.520134698434074257596872243082, 0.72395809506828931105540780338, },
{-0.199719713980970120610258798109, 0.520134698434074257596872243082, 0.239351555959682089885966040964, 0.333145427570749454810306996176, },
{-0.277983191885770652429425056587, 0.72395809506828931105540780338, 0.333145427570749454810306996176, 0.463693981291655539726193837319, },
}
{{0, 0, 0, 0, 0, 0, 0, 0, 0, 0, 0, 0, 0, 0, 0, 0, 0, 0, 0, 0, 0, 0, 0, 0, 1, 0, 0, 0, 0, 0, 0, 0, 0, 0, 0, 0, 0, 0, 0, 0, 0, 0, 0, 0, 0, }
}
{{-1, },
}
}
{{{0, 0, 0, 0, },
{0, 0, 0, 0, },
{0, 0, 0, 0, },
{0, 0, 0, 0, },
}
{{0.166637786055977252912657072069, -0.433929027983969231478486566017, -0.199951483349552185599603368175, -0.277907220758148458600133177404, },
{-0.433929027983969231478486566017, 1.12996221195509745835578033617, 0.520678742003196217213570830887, 0.723677462522217146156916417556, },
{-0.199951483349552185599603368175, 0.520678742003196217213570830887, 0.239925149271101658506163468284, 0.333465550277274804861207255282, },
{-0.277907220758148458600133177404, 0.723677462522217146156916417556, 0.333465550277274804861207255282, 0.463474852717823630225399123476, },
}
{{0, 0, 0, 0, 0, 0, 0, 0, 0, 0, 0, 0, 0, 0, 0, 0, 0, 0, 0, 0, 0, 0, 0, 0, 0, 1, 0, 0, 0, 0, 0, 0, 0, 0, 0, 0, 0, 0, 0, 0, 0, 0, 0, 0, 0, }
}
{{-1, },
}
}
{{{0, 0, 0, 0, },
{0, 0, 0, 0, },
{0, 0, 0, 0, },
{0, 0, 0, 0, },
}
{{0.166637786055977252912657072069, -0.433764277189094827844517183887, -0.200196804149341990668366561333, -0.277987790763063860034926988432, },
{-0.433764277189094827844517183887, 1.12910434433024531517260920099, 0.521119633804035678225149801485, 0.723612428979510631774538546027, },
{-0.200196804149341990668366561333, 0.521119633804035678225149801485, 0.240514239538364174354658387215, 0.333971475620820780255164097411, },
{-0.277987790763063860034926988432, 0.723612428979510631774538546027, 0.333971475620820780255164097411, 0.463743630075413257560075339724, },
}
{{0, 0, 0, 0, 0, 0, 0, 0, 0, 0, 0, 0, 0, 0, 0, 0, 0, 0, 0, 0, 0, 0, 0, 0, 0, 0, 1, 0, 0, 0, 0, 0, 0, 0, 0, 0, 0, 0, 0, 0, 0, 0, 0, 0, 0, }
}
{{-1, },
}
}
{{{0, 0, 0, 0, },
{0, 0, 0, 0, },
{0, 0, 0, 0, },
{0, 0, 0, 0, },
}
{{0.166523862340257712416607807692, -0.433672930149025770757485908443, -0.200582918837437947274522963403, -0.277510018338816589441128688181, },
{-0.433672930149025770757485908443, 1.12940096212610296984272101626, 0.522371874682649825032102367592, 0.722710734109665114086325891519, },
{-0.200582918837437947274522963403, 0.522371874682649825032102367592, 0.241608060033685821611162590323, 0.334269027289873626191220101014, },
{-0.277510018338816589441128688181, 0.722710734109665114086325891519, 0.334269027289873626191220101014, 0.46246711549995349612950858573, },
}
{{0, 0, 0, 0, 0, 0, 0, 0, 0, 0, 0, 0, 0, 0, 0, 0, 0, 0, 0, 0, 0, 0, 0, 0, 0, 0, 0, 1, 0, 0, 0, 0, 0, 0, 0, 0, 0, 0, 0, 0, 0, 0, 0, 0, 0, }
}
{{-1, },
}
}
{{{0, 0, 0, 0, },
{0, 0, 0, 0, },
{0, 0, 0, 0, },
{0, 0, 0, 0, },
}
{{0.166494111440909408728582144676, -0.43387324242810966518671255674, -0.199569265254460383384766178887, -0.277838175217219685150051731175, },
{-0.43387324242810966518671255674, 1.13064653678092268922574194121, 0.520065024856324499186276243258, 0.724028909542471497876775377723, },
{-0.199569265254460383384766178887, 0.520065024856324499186276243258, 0.239215016612407491689646255951, 0.333032561979945143547343254921, },
{-0.277838175217219685150051731175, 0.724028909542471497876775377723, 0.333032561979945143547343254921, 0.463644335165760410356029658161, },
}
{{0, 0, 0, 0, 0, 0, 0, 0, 0, 0, 0, 0, 0, 0, 0, 0, 0, 0, 0, 0, 0, 0, 0, 0, 0, 0, 0, 0, 1, 0, 0, 0, 0, 0, 0, 0, 0, 0, 0, 0, 0, 0, 0, 0, 0, }
}
{{-1, },
}
}
{{{0, 0, 0, 0, },
{0, 0, 0, 0, },
{0, 0, 0, 0, },
{0, 0, 0, 0, },
}
{{0.166464363199423693504273804907, -0.43327843883218307399360279235, -0.199955132862491797489110830701, -0.278399140567184914268032260006, },
{-0.43327843883218307399360279235, 1.12775011989775682674257225623, 0.52044921890790695191722694684, 0.724625635654304252709815418411, },
{-0.199955132862491797489110830701, 0.52044921890790695191722694684, 0.240183871127770407382284375783, 0.334409936583397882404997671844, },
{-0.278399140567184914268032260006, 0.724625635654304252709815418411, 0.334409936583397882404997671844, 0.465601645775049072370869563082, },
}
{{0, 0, 0, 0, 0, 0, 0, 0, 0, 0, 0, 0, 0, 0, 0, 0, 0, 0, 0, 0, 0, 0, 0, 0, 0, 0, 0, 0, 0, 1, 0, 0, 0, 0, 0, 0, 0, 0, 0, 0, 0, 0, 0, 0, 0, }
}
{{-1, },
}
}
{{{0, 0, 0, 0, },
{0, 0, 0, 0, },
{0, 0, 0, 0, },
{0, 0, 0, 0, },
}
{{0.166231573104891116175110752547, -0.43283800246357668686052161981, -0.200370923423998060830631984879, -0.278088056166406686699191153726, },
{-0.43283800246357668686052161981, 1.12703461127955096531983631133, 0.521730912044613032798934765521, 0.724092761030995547425665478284, },
{-0.200370923423998060830631984879, 0.521730912044613032798934765521, 0.241521548547532723942702533243, 0.335199622830303623378805284719, },
{-0.278088056166406686699191153726, 0.724092761030995547425665478284, 0.335199622830303623378805284719, 0.465212267068025194562350402883, },
}
{{0, 0, 0, 0, 0, 0, 0, 0, 0, 0, 0, 0, 0, 0, 0, 0, 0, 0, 0, 0, 0, 0, 0, 0, 0, 0, 0, 0, 0, 0, 1, 0, 0, 0, 0, 0, 0, 0, 0, 0, 0, 0, 0, 0, 0, }
}
{{-1, },
}
}
{{{0, 0, 0, 0, },
{0, 0, 0, 0, },
{0, 0, 0, 0, },
{0, 0, 0, 0, },
}
{{0.166189536700957467484572121179, -0.433028261899602291294910282604, -0.199733110500593816189174611393, -0.278124648780008480523009365924, },
{-0.433028261899602291294910282604, 1.1283109594390621604954259594, 0.520430367644048245249982334462, 0.724689626335245379143031218549, },
{-0.199733110500593816189174611393, 0.520430367644048245249982334462, 0.240047094553411691840029388065, 0.33426112323590246096063921459, },
{-0.278124648780008480523009365924, 0.724689626335245379143031218549, 0.33426112323590246096063921459, 0.465452409306568680179972531354, },
}
{{0, 0, 0, 0, 0, 0, 0, 0, 0, 0, 0, 0, 0, 0, 0, 0, 0, 0, 0, 0, 0, 0, 0, 0, 0, 0, 0, 0, 0, 0, 0, 1, 0, 0, 0, 0, 0, 0, 0, 0, 0, 0, 0, 0, 0, }
}
{{-1, },
}
}
{{{0, 0, 0, 0, },
{0, 0, 0, 0, },
{0, 0, 0, 0, },
{0, 0, 0, 0, },
}
{{0.166159815683003241630915187751, -0.432708695640292446414573734868, -0.200414281074531251238984086793, -0.278042888196861483330709898001, },
{-0.432708695640292446414573734868, 1.12684775505487035897213610624, 0.521913206240503782901534163405, 0.724071430804015171947926878238, },
{-0.200414281074531251238984086793, 0.521913206240503782901534163405, 0.241730432195766145221016240197, 0.335362466049968902290028755345, },
{-0.278042888196861483330709898001, 0.724071430804015171947926878238, 0.335362466049968902290028755345, 0.465261997066360254175932465812, },
}
{{0, 0, 0, 0, 0, 0, 0, 0, 0, 0, 0, 0, 0, 0, 0, 0, 0, 0, 0, 0, 0, 0, 0, 0, 0, 0, 0, 0, 0, 0, 0, 0, 1, 0, 0, 0, 0, 0, 0, 0, 0, 0, 0, 0, 0, }
}
{{-1, },
}
}
{{{0, 0, 0, 0, },
{0, 0, 0, 0, },
{0, 0, 0, 0, },
{0, 0, 0, 0, },
}
{{0.166088073752273771536769903936, -0.433212704334118800628900863379, -0.199397501013658746432592495163, -0.277773808439230166853314115692, },
{-0.433212704334118800628900863379, 1.12996221195509745835578033617, 0.520094722637541118364857755215, 0.724526090456262909007374747159, },
{-0.199397501013658746432592495163, 0.520094722637541118364857755215, 0.23938722698292314289730710637, 0.333482121855669877637760125682, },
{-0.277773808439230166853314115692, 0.724526090456262909007374747159, 0.333482121855669877637760125682, 0.464562487309705627210142653523, },
}
{{0, 0, 0, 0, 0, 0, 0, 0, 0, 0, 0, 0, 0, 0, 0, 0, 0, 0, 0, 0, 0, 0, 0, 0, 0, 0, 0, 0, 0, 0, 0, 0, 0, 1, 0, 0, 0, 0, 0, 0, 0, 0, 0, 0, 0, }
}
{{-1, },
}
}
{{{0, 0, 0, 0, },
{0, 0, 0, 0, },
{0, 0, 0, 0, },
{0, 0, 0, 0, },
}
{{0.166046055497361115759998876796, -0.432626116817176925798841269775, -0.199790321431915070286798986272, -0.278279156528677055699222318975, },
{-0.432626116817176925798841269775, 1.12718941977687713304017108188, 0.520545403381284628187554018457, 0.725044810727673155691391509882, },
{-0.199790321431915070286798986272, 0.520545403381284628187554018457, 0.240392175642512082347824866082, 0.334831694520742037118977816792, },
{-0.278279156528677055699222318975, 0.725044810727673155691391509882, 0.334831694520742037118977816792, 0.466372349083249668852005175244, },
}
{{0, 0, 0, 0, 0, 0, 0, 0, 0, 0, 0, 0, 0, 0, 0, 0, 0, 0, 0, 0, 0, 0, 0, 0, 0, 0, 0, 0, 0, 0, 0, 0, 0, 0, 1, 0, 0, 0, 0, 0, 0, 0, 0, 0, 0, }
}
{{-1, },
}
}
{{{0, 0, 0, 0, },
{0, 0, 0, 0, },
{0, 0, 0, 0, },
{0, 0, 0, 0, },
}
{{0.165974338132300546572787676075, -0.432977787680758213345436558725, -0.199344068061799588053319731713, -0.277836954435141209191438257755, },
{-0.432977787680758213345436558725, 1.12951054201818161062623206878, 0.520029509067120293042177074597, 0.724794153246729032674401202796, },
{-0.199344068061799588053319731713, 0.520029509067120293042177074597, 0.239422900664026784372365495023, 0.333697060510966440061399862796, },
{-0.277836954435141209191438257755, 0.724794153246729032674401202796, 0.333697060510966440061399862796, 0.465092219185491058428614760119, },
}
{{0, 0, 0, 0, 0, 0, 0, 0, 0, 0, 0, 0, 0, 0, 0, 0, 0, 0, 0, 0, 0, 0, 0, 0, 0, 0, 0, 0, 0, 0, 0, 0, 0, 0, 0, 1, 0, 0, 0, 0, 0, 0, 0, 0, 0, }
}
{{-1, },
}
}
{{{0, 0, 0, 0, },
{0, 0, 0, 0, },
{0, 0, 0, 0, },
{0, 0, 0, 0, },
}
{{0.165944636364290044698630179249, -0.432852490976303572202467670673, -0.200197915942850269943762151701, -0.277328624375941633240655593428, },
{-0.432852490976303572202467670673, 1.12905896237035360113326816403, 0.522199261770024221289261040924, 0.723388164331113733477177625568, },
{-0.200197915942850269943762151701, 0.522199261770024221289261040924, 0.241521548547532723942702533243, 0.334573107319235116898740707813, },
{-0.277328624375941633240655593428, 0.723388164331113733477177625568, 0.334573107319235116898740707813, 0.463474852717823630225399123476, },
}
{{0, 0, 0, 0, 0, 0, 0, 0, 0, 0, 0, 0, 0, 0, 0, 0, 0, 0, 0, 0, 0, 0, 0, 0, 0, 0, 0, 0, 0, 0, 0, 0, 0, 0, 0, 0, 1, 0, 0, 0, 0, 0, 0, 0, 0, }
}
{{-1, },
}
}
{{{0, 0, 0, 0, },
{0, 0, 0, 0, },
{0, 0, 0, 0, },
{0, 0, 0, 0, },
}
{{0.165932334267623564180335097541, -0.432606494887747640124046335543, -0.199951845056364904078806734913, -0.27785249543460534447229609831, },
{-0.432606494887747640124046335543, 1.1278596196761808568121145806, 0.52129964432766891174148147252, 0.724396451579551464750465395818, },
{-0.199951845056364904078806734913, 0.52129964432766891174148147252, 0.240946048989835324831617856042, 0.33481792057513865544468152654, },
{-0.27785249543460534447229609831, 0.724396451579551464750465395818, 0.33481792057513865544468152654, 0.465261997066360254175932465812, },
}
{{0, 0, 0, 0, 0, 0, 0, 0, 0, 0, 0, 0, 0, 0, 0, 0, 0, 0, 0, 0, 0, 0, 0, 0, 0, 0, 0, 0, 0, 0, 0, 0, 0, 0, 0, 0, 0, 1, 0, 0, 0, 0, 0, 0, 0, }
}
{{-1, },
}
}
{{{0, 0, 0, 0, },
{0, 0, 0, 0, },
{0, 0, 0, 0, },
{0, 0, 0, 0, },
}
{{0.165932334267623564180335097541, -0.432606494887747640124046335543, -0.199951845056364904078806734913, -0.27785249543460534447229609831, },
{-0.432606494887747640124046335543, 1.1278596196761808568121145806, 0.52129964432766891174148147252, 0.724396451579551464750465395818, },
{-0.199951845056364904078806734913, 0.52129964432766891174148147252, 0.240946048989835324831617856042, 0.33481792057513865544468152654, },
{-0.27785249543460534447229609831, 0.724396451579551464750465395818, 0.33481792057513865544468152654, 0.465261997066360254175932465812, },
}
{{0, 0, 0, 0, 0, 0, 0, 0, 0, 0, 0, 0, 0, 0, 0, 0, 0, 0, 0, 0, 0, 0, 0, 0, 0, 0, 0, 0, 0, 0, 0, 0, 0, 0, 0, 0, 0, 0, 1, 0, 0, 0, 0, 0, 0, }
}
{{-1, },
}
}
{{{0, 0, 0, 0, },
{0, 0, 0, 0, },
{0, 0, 0, 0, },
{0, 0, 0, 0, },
}
{{0.165657947482223444422954101642, -0.43243646108031196858415990673, -0.199485053482184572285490045823, -0.277628816886809466013740789561, },
{-0.43243646108031196858415990673, 1.12883985171753412138011422517, 0.520739341983635359179692044115, 0.724727215887598713098726575383, },
{-0.199485053482184572285490045823, 0.520739341983635359179692044115, 0.240219604115645078193826565112, 0.334320207551792076884325699577, },
{-0.277628816886809466013740789561, 0.724727215887598713098726575383, 0.334320207551792076884325699577, 0.465282596684597356003105108079, },
}
{{0, 0, 0, 0, 0, 0, 0, 0, 0, 0, 0, 0, 0, 0, 0, 0, 0, 0, 0, 0, 0, 0, 0, 0, 0, 0, 0, 0, 0, 0, 0, 0, 0, 0, 0, 0, 0, 0, 0, 1, 0, 0, 0, 0, 0, }
}
{{-1, },
}
}
{{{0, 0, 0, 0, },
{0, 0, 0, 0, },
{0, 0, 0, 0, },
{0, 0, 0, 0, },
}
{{0.165586313989602805479160784692, -0.432226826016451692277795314523, -0.199772923867972271861787978211, -0.277532971661976830246534408647, },
{-0.432226826016451692277795314523, 1.1282335153615803344444010393, 0.521463487694409684781165327216, 0.724439070875762179283226399461, },
{-0.199772923867972271861787978211, 0.521463487694409684781165327216, 0.241017630921264136663952512806, 0.334831858278828014910237599463, },
{-0.277532971661976830246534408647, 0.724439070875762179283226399461, 0.334831858278828014910237599463, 0.465162539727552723412485663201, },
}
{{0, 0, 0, 0, 0, 0, 0, 0, 0, 0, 0, 0, 0, 0, 0, 0, 0, 0, 0, 0, 0, 0, 0, 0, 0, 0, 0, 0, 0, 0, 0, 0, 0, 0, 0, 0, 0, 0, 0, 0, 1, 0, 0, 0, 0, }
}
{{-1, },
}
}
{{{0, 0, 0, 0, },
{0, 0, 0, 0, },
{0, 0, 0, 0, },
{0, 0, 0, 0, },
}
{{0.165568935125142365500783297046, -0.432233810359454776460623631965, -0.199834062146605926084705298583, -0.277425807667463509407584387491, },
{-0.432233810359454776460623631965, 1.12838840617440657501016820275, 0.521686257485140638413576446908, 0.724247056668710271695743227911, },
{-0.199834062146605926084705298583, 0.521686257485140638413576446908, 0.241190488806553059977754182671, 0.334840144068025551298514034663, },
{-0.277425807667463509407584387491, 0.724247056668710271695743227911, 0.334840144068025551298514034663, 0.464852169893897999511294317533, },
}
{{0, 0, 0, 0, 0, 0, 0, 0, 0, 0, 0, 0, 0, 0, 0, 0, 0, 0, 0, 0, 0, 0, 0, 0, 0, 0, 0, 0, 0, 0, 0, 0, 0, 0, 0, 0, 0, 0, 0, 0, 0, 1, 0, 0, 0, }
}
{{-1, },
}
}
{{{0, 0, 0, 0, },
{0, 0, 0, 0, },
{0, 0, 0, 0, },
{0, 0, 0, 0, },
}
{{0.165514695988140570985417748723, -0.432219785575001532755066435837, -0.200060651074549011858184226152, -0.277121038965578710171206764798, },
{-0.432219785575001532755066435837, 1.12868492992239107191424649976, 0.522431988248539084219625220801, 0.72366502155558639112103472321, },
{-0.200060651074549011858184226152, 0.522431988248539084219625220801, 0.241816981080883959782743338105, 0.334961286373516902492870409004, },
{-0.277121038965578710171206764798, 0.72366502155558639112103472321, 0.334961286373516902492870409004, 0.463983393008584397317592413416, },
}
{{0, 0, 0, 0, 0, 0, 0, 0, 0, 0, 0, 0, 0, 0, 0, 0, 0, 0, 0, 0, 0, 0, 0, 0, 0, 0, 0, 0, 0, 0, 0, 0, 0, 0, 0, 0, 0, 0, 0, 0, 0, 0, 1, 0, 0, }
}
{{-1, },
}
}
{{{0, 0, 0, 0, },
{0, 0, 0, 0, },
{0, 0, 0, 0, },
{0, 0, 0, 0, },
}
{{0.165455377425482228546252471214, -0.432416432849987410844735340628, -0.199485273338717625416650389738, -0.277050405620033565355873831917, },
{-0.432416432849987410844735340628, 1.13011722138146575759451510097, 0.52135331982233736439412408517, 0.724069232333128879836935696783, },
{-0.199485273338717625416650389738, 0.52135331982233736439412408517, 0.240514239538364174354658387215, 0.334032515314326028483605998467, },
{-0.277050405620033565355873831917, 0.724069232333128879836935696783, 0.334032515314326028483605998467, 0.463913161654687839504574040598, },
}
{{0, 0, 0, 0, 0, 0, 0, 0, 0, 0, 0, 0, 0, 0, 0, 0, 0, 0, 0, 0, 0, 0, 0, 0, 0, 0, 0, 0, 0, 0, 0, 0, 0, 0, 0, 0, 0, 0, 0, 0, 0, 0, 0, 1, 0, }
}
{{-1, },
}
}
{{{0, 0, 0, 0, },
{0, 0, 0, 0, },
{0, 0, 0, 0, },
{0, 0, 0, 0, },
}
{{0.165270293570387552732548462923, -0.431879596688725542538608653613, -0.199790733598996884811729180821, -0.277110075486062835585500012427, },
{-0.431879596688725542538608653613, 1.1285753900871397364877198113, 0.522087421670434233760684512269, 0.724136110935949535608992439707, },
{-0.199790733598996884811729180821, 0.522087421670434233760684512269, 0.241521548547532723942702533243, 0.334990784326614121218783759084, },
{-0.277110075486062835585500012427, 0.724136110935949535608992439707, 0.334990784326614121218783759084, 0.46463276779493998683702919253, },
}
{{0, 0, 0, 0, 0, 0, 0, 0, 0, 0, 0, 0, 0, 0, 0, 0, 0, 0, 0, 0, 0, 0, 0, 0, 0, 0, 0, 0, 0, 0, 0, 0, 0, 0, 0, 0, 0, 0, 0, 0, 0, 0, 0, 0, 1, }
}
{{-1, },
}
}
