SDPA-QD start at Sat Mar 16 19:24:30 2024
data      is input_sdpa.dat
parameter is ./param.sdpa
out       is output_sdpa.dat
DENSE computation
   mu      thetaP  thetaD  objP      objD      alphaP  alphaD  beta 
 0 1.0e+08 1.0e+00 1.0e+00 -0.00e+00 +1.00e+04 9.0e-01 9.0e-01 3.00e-01
 1 1.5e+07 1.0e-01 1.0e-01 +2.88e+04 -1.34e+04 9.0e-01 9.0e-01 3.00e-01
 2 2.4e+06 1.0e-02 1.0e-02 +4.72e+04 -2.35e+04 9.0e-01 9.0e-01 3.00e-01
 3 3.7e+05 1.0e-03 9.8e-04 +7.28e+04 -3.65e+04 9.0e-01 9.2e-01 3.00e-01
 4 5.6e+04 9.8e-05 7.5e-05 +1.09e+05 -5.66e+04 9.2e-01 1.0e+00 3.00e-01
 5 9.7e+03 7.8e-06 4.4e-64 +1.19e+05 -8.76e+04 1.0e+00 1.0e+00 3.00e-01
 6 2.4e+03 1.5e-64 6.5e-64 +2.32e+04 -1.05e+05 9.8e-01 1.0e+00 1.00e-01
 7 2.4e+02 8.9e-65 1.3e-63 +2.32e+03 -1.05e+04 9.8e-01 1.0e+00 1.00e-01
 8 2.4e+01 1.0e-64 4.9e-65 +2.32e+02 -1.05e+03 9.8e-01 1.0e+00 1.00e-01
 9 2.4e+00 1.0e-64 4.9e-66 +2.33e+01 -1.05e+02 9.8e-01 1.0e+00 1.00e-01
10 2.4e-01 1.0e-64 1.2e-66 +2.38e+00 -1.05e+01 9.6e-01 1.0e+00 1.00e-01
11 2.5e-02 1.0e-64 6.9e-68 +2.80e-01 -1.05e+00 9.4e-01 1.0e+00 1.00e-01
12 2.7e-03 1.0e-64 5.7e-69 +4.14e-02 -1.05e-01 9.4e-01 1.0e+00 1.00e-01
13 2.9e-04 1.0e-64 7.6e-69 +4.94e-03 -1.06e-02 8.9e-01 1.0e+00 1.00e-01
14 3.7e-05 1.0e-64 1.4e-68 +7.72e-04 -1.22e-03 9.1e-01 8.0e-01 1.00e-01
15 8.9e-06 1.0e-64 2.0e-66 +1.06e-04 -3.75e-04 9.5e-01 9.5e-01 1.00e-01
16 1.3e-06 1.0e-64 7.5e-67 +1.50e-05 -5.39e-05 9.0e-01 9.8e-01 1.00e-01
17 1.7e-07 1.0e-64 2.6e-66 +2.85e-06 -6.47e-06 8.5e-01 8.6e-01 1.00e-01
18 3.9e-08 1.0e-64 2.7e-64 +1.38e-06 -7.21e-07 7.1e-01 6.0e-01 1.00e-01
19 1.7e-08 1.0e-64 1.3e-62 +9.41e-07 +4.28e-08 6.8e-01 7.6e-01 1.00e-01
20 6.1e-09 1.0e-64 9.7e-62 +5.48e-07 +2.19e-07 7.0e-01 8.6e-01 1.00e-01
21 2.0e-09 1.0e-64 1.0e-61 +4.14e-07 +3.08e-07 8.9e-01 9.1e-01 1.00e-01
22 3.8e-10 1.0e-64 1.8e-61 +3.51e-07 +3.30e-07 9.8e-01 9.4e-01 1.00e-01
23 4.9e-11 1.0e-64 1.9e-61 +3.37e-07 +3.35e-07 1.0e+00 9.4e-01 1.00e-01
24 5.5e-12 1.0e-64 4.1e-61 +3.35e-07 +3.35e-07 1.0e+00 9.5e-01 1.00e-01
25 5.6e-13 1.0e-64 6.2e-61 +3.35e-07 +3.35e-07 1.0e+00 9.5e-01 1.00e-01
26 5.7e-14 1.0e-64 5.1e-61 +3.35e-07 +3.35e-07 1.0e+00 9.5e-01 1.00e-01
27 5.8e-15 1.0e-64 5.4e-61 +3.35e-07 +3.35e-07 1.0e+00 9.5e-01 1.00e-01
28 5.8e-16 1.0e-64 4.1e-61 +3.35e-07 +3.35e-07 1.0e+00 9.5e-01 1.00e-01
29 5.8e-17 1.0e-64 6.2e-61 +3.35e-07 +3.35e-07 1.0e+00 9.5e-01 1.00e-01
30 5.8e-18 1.0e-64 6.4e-61 +3.35e-07 +3.35e-07 1.0e+00 9.5e-01 1.00e-01
31 5.8e-19 1.0e-64 1.1e-60 +3.35e-07 +3.35e-07 1.0e+00 9.5e-01 1.00e-01
32 5.8e-20 1.0e-64 1.7e-60 +3.35e-07 +3.35e-07 1.0e+00 9.5e-01 1.00e-01
33 5.9e-21 1.0e-64 9.2e-60 +3.35e-07 +3.35e-07 1.0e+00 9.5e-01 1.00e-01
34 5.9e-22 1.0e-64 4.6e-60 +3.35e-07 +3.35e-07 1.0e+00 9.4e-01 1.00e-01
35 6.0e-23 1.0e-64 3.5e-59 +3.35e-07 +3.35e-07 1.0e+00 9.4e-01 1.00e-01
36 6.1e-24 1.0e-64 2.9e-58 +3.35e-07 +3.35e-07 1.0e+00 9.4e-01 1.00e-01
37 6.3e-25 1.0e-64 9.3e-58 +3.35e-07 +3.35e-07 1.0e+00 9.3e-01 1.00e-01
38 6.5e-26 1.0e-64 1.5e-57 +3.35e-07 +3.35e-07 1.0e+00 9.3e-01 1.00e-01
39 6.9e-27 1.0e-64 1.2e-56 +3.35e-07 +3.35e-07 1.0e+00 9.3e-01 1.00e-01
40 7.4e-28 1.0e-64 2.9e-56 +3.35e-07 +3.35e-07 1.0e+00 9.4e-01 1.00e-01
41 8.0e-29 1.0e-64 2.1e-55 +3.35e-07 +3.35e-07 1.0e+00 9.4e-01 1.00e-01
42 8.6e-30 1.0e-64 2.7e-55 +3.35e-07 +3.35e-07 1.0e+00 9.4e-01 1.00e-01
43 9.1e-31 1.0e-64 9.7e-55 +3.35e-07 +3.35e-07 1.3e+00 1.0e+00 3.00e-01
44 1.5e-31 1.0e-64 1.7e-54 +3.35e-07 +3.35e-07 1.4e+00 1.0e+00 3.00e-01
45 1.8e-32 1.0e-64 3.6e-55 +3.35e-07 +3.35e-07 9.7e-01 9.4e-01 1.00e-01
46 2.6e-33 1.0e-64 4.6e-55 +3.35e-07 +3.35e-07 1.0e+00 9.6e-01 1.00e-01
47 2.9e-34 1.0e-64 6.8e-55 +3.35e-07 +3.35e-07 1.4e+00 1.0e+00 3.00e-01
48 3.7e-35 1.0e-64 2.1e-54 +3.35e-07 +3.35e-07 1.4e+00 1.0e+00 3.00e-01

phase.value = pFEAS     
   Iteration = 48
          mu = 3.6684942827049083e-35
relative gap = 1.9809869126606504e-33
         gap = 1.9809869126606504e-33
      digits = 2.6228474677313180e+01
objValPrimal = 3.3524034869308155e-07
objValDual   = 3.3524034869308155e-07
p.feas.error = 1.0157067705240785e-60
d.feas.error = 4.1648580443136074e-50
relative eps = 1.2154326714572501e-63
total time   = 0.180


Parameters are
maxIteration =    200
epsilonStar  = 1.000e-50
lambdaStar   = 1.000e+04
omegaStar    = 2.000e+00
lowerBound   = -1.000e+05
upperBound   = 1.000e+05
betaStar     = 1.000e-01
betaBar      = 3.000e-01
gammaStar    = 9.000e-01
epsilonDash  = 1.000e-50

                         Time(sec)  Ratio(% : MainLoop) 
 Predictor time  =       0.120000,  66.666667
 Corrector time  =       0.020000,  11.111111
 Make bMat time  =       0.060000,  33.333333
 Make bDia time  =       0.010000,  5.555556
 Make bF1  time  =       0.040000,  22.222222
 Make bF2  time  =       0.000000,  0.000000
 Make bF3  time  =       0.010000,  5.555556
 Make bPRE time  =       0.000000,  0.000000
 Make rMat time  =       0.000000,  0.000000
 Make gVec Mul   =       0.000000,  0.000000
 Make gVec time  =       0.010000,  5.555556
 Cholesky bMat   =       0.050000,  27.777778
 Ste Pre time    =       0.000000,  0.000000
 Ste Cor time    =       0.030000,  16.666667
 solve           =       0.010000,  5.555556
 sumDz           =       0.000000,  0.000000
 makedX          =       0.010000,  5.555556
 symmetriseDx    =       0.000000,  0.000000
 makedXdZ        =       0.010000,  5.555556
 xMatTime        =       0.010000,  5.555556
 zMatTime        =       0.000000,  0.000000
 invzMatTime     =       0.000000,  0.000000
 xMatzMatTime    =       0.000000,  0.000000
 EigxMatTime     =       0.010000,  5.555556
 EigzMatTime     =       0.020000,  11.111111
 EigxMatzMatTime =       0.000000,  0.000000
 updateRes       =       0.000000,  0.000000
 EigTime         =       0.030000,  16.666667
 sub_total_bMat  =       0.120000,  66.666667
 Main Loop       =       0.180000,  100.000000
 File Check      =       0.000000,  0.000000
 File Change     =       0.000000,  0.000000
 File Read       =       0.000000,  0.000000
 Total           =       0.180000,  100.000000

xVec = 
{5.58292766128930471181440816897222609857472489340909510826737519e-08,3.78166722827326069334420985680494084878684182801116519215724231e-07,8.07084260772681312379797884260917558299528224949944008807424000e-08,1.55776271868675852498643458510293170584491768167000016789780042e-07,-1.45302355708770401680115690072688096656189745159007352393900605e-07,-6.71259491140276765285912720780039691417101757695180531812711399e-08,-9.32570456956552632245798786016251066334188859381669639823163520e-08,1.74703294170980052570652631104836269027816812036651837335481871e-07,2.42712591817638773944191616193084498934508050866291276118067603e-07,1.12126971432860203592397896816189305353085712042797009568496413e-07,1.35094636412447409149276014817694417190577368864655531798211613e-29,1.37534783937343937118764758145391226330801247080084325955834141e-29,1.94503529326684186036817235425670208512835384831656749790323836e-29,1.53276335795332394323618298732544580524414811518665589069324454e-29,3.22570848062563210846706186521127244924847228085367239823910594e-29,1.33106229990898306286301868306923161699981287422571350925021804e-29,2.54935364987748823427762031506634642571819609564952958156394839e-29,3.38117909135540478253804003863308922883967135000312283694068058e-29,3.03830538523597637999480922545014407945212535650411116617620115e-29,3.86861790014402029756271468726048322888889400314544230787733040e-29,4.12848262866154314647925405735513319766220023052034297591683720e-29,1.75750415512746347890146595103788102721926477733472552928690326e-29,3.68237378297508426205597255199294613736649491973955000991453943e-29,1.61062100626291228786520785740918824780776380668193811505800549e-28,1.61062100626291228786520785740918824781091517168173344782046330e-28,4.39793489647498564424526242657420619809708505463152643956808869e-01,4.00100044607167996592537682224124344267356625716102358855972083e-29,1.40353176656283869068945439558573206724529964027554569074252544e-29,6.33896983348340767516990391147099101929627427523110888453585948e-29,1.73294513576171769654458355313441055719663441793485700311133684e-29,1.25404648461697441597973330774630182266129465480199293454594905e-28,1.69354936762443828730517989971983188886399697220919831435095414e-01,3.57176722440742450008009227120508548126269044231131584115875478e-29,1.61105713040835431977187044885099423885305708433589396088807364e-29,1.81976532651078793945922280166424834296135971429694991365560651e-29,3.48432726343830811360474869295692237376210771082260304071936595e-29,2.74843978145328324263330740409358817612547155307064382151936086e-01,1.76008715692295254547119844246841796828476825353394180916512528e-29,1.41918993309611080466095577957010513357059623597076872720021257e-29,1.29571483693008951429789989391970567515582001928566853014651827e-27,1.46766221257257801613351005360305839798252753906100834547144193e-28,2.10582290108800850222100602460135189396976214837182916689735004e-28,5.65826881973991130557018968572801657343634496529028551438111310e-29,2.33837059022886961729049867275630650932200737318733730755840955e-29,3.71188652483537686210643112092752136816333229381749462692191664e-29,2.53539758161704689997262445049222358616155614517663765484695310e-29,3.89684871620581303486348431349969017648748626805331134606452683e-29,5.80037977223646412909551923545880465796886296806114511579718811e-02,5.80037977223646412906698314716554962394209615566424500287515692e-02,5.26291354601291485177217288658988544798618757444470218827315297e-29,6.74006311927642297556151402065912538190798486867530084238248367e-29,6.09206586885725267285037893579974839829176710737549387932381461e-29,2.28889143266237763459209372945347705127030517277952246990080651e-29,2.31467607056121516051051291784481403815178480987133818074435725e-29,2.29145692341165608157497725737842789149182475785590494311146516e-29}
xMat = 
{
{ {+5.582927661289e-08,-1.453023557088e-07,-6.712594911403e-08,-9.325704569566e-08 },
  {-1.453023557088e-07,+3.781667228273e-07,+1.747032941710e-07,+2.427125918176e-07 },
  {-6.712594911403e-08,+1.747032941710e-07,+8.070842607727e-08,+1.121269714329e-07 },
  {-9.325704569566e-08,+2.427125918176e-07,+1.121269714329e-07,+1.557762718687e-07 }   }
{ {+1.967608299670e-07,+6.458918874190e-08,+6.211295817191e-08,-2.755113809483e-08 },
  {+6.458918874190e-08,+1.111777266937e-07,-4.325089241433e-09,-1.314441401687e-07 },
  {+6.211295817191e-08,-4.325089241433e-09,+1.355971518173e-07,-5.367873598284e-08 },
  {-2.755113809483e-08,-1.314441401687e-07,-5.367873598284e-08,+2.269449889082e-07 }   }
{+1.350946364124e-29,+1.375347839373e-29,+1.945035293267e-29,+1.532763357953e-29,+3.225708480626e-29,+1.331062299909e-29,+2.549353649877e-29,+3.381179091355e-29,+3.038305385236e-29,+3.868617900144e-29,+4.128482628662e-29,+1.757504155127e-29,+3.682373782975e-29,+1.610621006263e-28,+1.610621006263e-28,+4.397934896475e-01,+4.001000446072e-29,+1.403531766563e-29,+6.338969833483e-29,+1.732945135762e-29,+1.254046484617e-28,+1.693549367624e-01,+3.571767224407e-29,+1.611057130408e-29,+1.819765326511e-29,+3.484327263438e-29,+2.748439781453e-01,+1.760087156923e-29,+1.419189933096e-29,+1.295714836930e-27,+1.467662212573e-28,+2.105822901088e-28,+5.658268819740e-29,+2.338370590229e-29,+3.711886524835e-29,+2.535397581617e-29,+3.896848716206e-29,+5.800379772236e-02,+5.800379772236e-02,+5.262913546013e-29,+6.740063119276e-29,+6.092065868857e-29,+2.288891432662e-29,+2.314676070561e-29,+2.291456923412e-29}
{+2.647478584179e-35}
}
yMat = 
{
{ {+4.583662312498e-01,+1.083568522369e-01,+5.005807726883e-02,+6.954491461068e-02 },
  {+1.083568522369e-01,+2.179883594699e-01,-1.302821206129e-01,-1.809989405839e-01 },
  {+5.005807726883e-02,-1.302821206129e-01,+4.398130129682e-01,-8.361685270731e-02 },
  {+6.954491461068e-02,-1.809989405839e-01,-8.361685270731e-02,+3.838323963121e-01 }   }
{ {+4.163376875020e-02,-1.083568522369e-01,-5.005807726883e-02,-6.954491461068e-02 },
  {-1.083568522369e-01,+2.820116405301e-01,+1.302821206129e-01,+1.809989405839e-01 },
  {-5.005807726883e-02,+1.302821206129e-01,+6.018698703177e-02,+8.361685270731e-02 },
  {-6.954491461068e-02,+1.809989405839e-01,+8.361685270731e-02,+1.161676036879e-01 }   }
{+1.959720695046e-06,+1.924951253697e-06,+1.361146276798e-06,+1.727257853559e-06,+8.207429665679e-07,+1.988995967997e-06,+1.038489715932e-06,+7.830042349548e-07,+8.713665059927e-07,+6.843471275809e-07,+6.412713303653e-07,+1.506384801395e-06,+7.189594820363e-07,+1.643761963477e-07,+1.643761963477e-07,+1.996140149587e-34,+6.617038871543e-07,+1.886296848240e-06,+4.176510722117e-07,+1.527733044190e-06,+2.111147856278e-07,+5.183725133704e-34,+7.412234284419e-07,+1.643316985910e-06,+1.454845583165e-06,+7.598245938182e-07,+3.194137445311e-34,+1.504174118457e-06,+1.865485010802e-06,+2.043256334044e-08,+1.803873892093e-07,+1.257217568630e-07,+4.678953284149e-07,+1.132189037415e-06,+7.132431258224e-07,+1.044206071216e-06,+6.793893580374e-07,+1.513503385441e-33,+1.513503385441e-33,+5.030440885120e-07,+3.927971445994e-07,+4.345779583910e-07,+1.156663662545e-06,+1.143778855859e-06,+1.155368674236e-06}
{+9.999996084926e-01}
}
    main loop time = 0.180000
        total time = 0.180000
  file   read time = 0.000000
