SDPA-GMP start at Wed Apr  3 15:59:29 2024
data      is input_sdpa.dat
parameter is ./param.sdpa
out       is output_sdpa.dat
DENSE computation
   mu      thetaP  thetaD  objP      objD      alphaP  alphaD  beta 
 0 1.0e+08 1.0e+00 1.0e+00 +0.00e+00 +1.00e+04 9.0e-01 9.0e-01 3.00e-01
 1 1.5e+07 1.0e-01 1.0e-01 +1.15e+05 -1.34e+04 9.0e-01 9.0e-01 3.00e-01
 2 2.4e+06 1.0e-02 9.9e-03 +1.89e+05 -2.35e+04 9.0e-01 9.1e-01 3.00e-01
 3 3.6e+05 9.9e-04 9.0e-04 +2.88e+05 -3.66e+04 9.1e-01 1.0e+00 3.00e-01
 4 5.4e+04 9.0e-05 2.1e-07 +3.89e+05 -5.76e+04 1.0e+00 1.0e+00 3.00e-01
 5 1.1e+04 3.3e-08 1.2e-42 +1.29e+05 -7.72e+04 1.0e+00 1.0e+00 3.00e-01
 6 3.4e+03 1.6e-42 2.2e-42 +2.75e+04 -3.44e+04 1.0e+00 1.0e+00 3.00e-01
 7 1.0e+03 1.9e-42 1.3e-42 +8.26e+03 -1.03e+04 1.0e+00 1.0e+00 3.00e-01
 8 3.1e+02 1.0e-42 8.8e-43 +2.48e+03 -3.10e+03 1.0e+00 1.0e+00 3.00e-01
 9 9.3e+01 8.6e-43 7.3e-43 +7.43e+02 -9.29e+02 1.0e+00 1.0e+00 3.00e-01
10 2.8e+01 7.5e-43 5.9e-43 +2.23e+02 -2.78e+02 1.0e+00 1.0e+00 3.00e-01
11 8.4e+00 5.6e-43 8.8e-43 +6.71e+01 -8.34e+01 1.0e+00 1.0e+00 3.00e-01
12 2.5e+00 7.5e-43 8.8e-43 +2.03e+01 -2.48e+01 1.0e+00 1.0e+00 3.00e-01
13 7.5e-01 6.6e-43 1.6e-42 +6.33e+00 -7.21e+00 1.0e+00 1.0e+00 3.00e-01
14 2.3e-01 1.3e-42 1.2e-42 +2.34e+00 -1.72e+00 1.0e+00 9.8e-01 3.00e-01
15 7.0e-02 9.6e-62 7.3e-43 +1.27e+00 +1.20e-02 9.1e-01 9.6e-01 3.00e-01
16 2.4e-02 1.3e-61 1.1e-42 +9.65e-01 +5.35e-01 1.0e+00 9.7e-01 3.00e-01
17 7.4e-03 8.0e-62 2.9e-43 +8.59e-01 +7.25e-01 1.0e+00 9.7e-01 3.00e-01
18 2.3e-03 9.6e-62 3.7e-43 +8.13e-01 +7.71e-01 1.0e+00 1.0e+00 3.00e-01
19 6.9e-04 6.4e-62 4.4e-43 +7.95e-01 +7.82e-01 1.0e+00 1.0e+00 3.00e-01
20 2.1e-04 9.6e-62 4.4e-43 +7.89e-01 +7.85e-01 1.0e+00 1.0e+00 3.00e-01
21 6.2e-05 8.0e-62 4.4e-43 +7.88e-01 +7.87e-01 1.0e+00 1.0e+00 3.00e-01
22 1.9e-05 9.6e-62 4.4e-43 +7.87e-01 +7.87e-01 1.0e+00 1.0e+00 3.00e-01
23 5.6e-06 9.6e-62 5.9e-43 +7.87e-01 +7.87e-01 1.0e+00 1.0e+00 3.00e-01
24 1.7e-06 1.1e-61 4.4e-43 +7.87e-01 +7.87e-01 1.0e+00 1.0e+00 3.00e-01
25 5.1e-07 6.4e-62 2.9e-43 +7.87e-01 +7.87e-01 1.0e+00 1.0e+00 3.00e-01
26 1.5e-07 9.6e-62 5.9e-43 +7.87e-01 +7.87e-01 1.0e+00 1.0e+00 3.00e-01
27 4.5e-08 9.6e-62 5.9e-43 +7.87e-01 +7.87e-01 1.0e+00 1.0e+00 3.00e-01
28 1.4e-08 6.4e-62 4.4e-43 +7.87e-01 +7.87e-01 1.0e+00 1.0e+00 3.00e-01
29 4.1e-09 9.6e-62 4.4e-43 +7.87e-01 +7.87e-01 1.0e+00 1.0e+00 3.00e-01
30 1.2e-09 8.0e-62 5.9e-43 +7.87e-01 +7.87e-01 1.0e+00 1.0e+00 3.00e-01
31 3.7e-10 8.0e-62 4.4e-43 +7.87e-01 +7.87e-01 1.0e+00 1.0e+00 3.00e-01
32 1.1e-10 9.6e-62 2.9e-43 +7.87e-01 +7.87e-01 1.0e+00 1.0e+00 3.00e-01
33 3.3e-11 8.0e-62 5.9e-43 +7.87e-01 +7.87e-01 1.0e+00 1.0e+00 3.00e-01
34 9.9e-12 9.6e-62 4.4e-43 +7.87e-01 +7.87e-01 1.0e+00 1.0e+00 3.00e-01
35 3.0e-12 9.6e-62 4.4e-43 +7.87e-01 +7.87e-01 1.0e+00 1.0e+00 3.00e-01
36 9.0e-13 9.6e-62 5.9e-43 +7.87e-01 +7.87e-01 1.0e+00 1.0e+00 3.00e-01
37 2.7e-13 1.1e-61 4.4e-43 +7.87e-01 +7.87e-01 1.0e+00 1.0e+00 3.00e-01
38 8.1e-14 9.6e-62 2.9e-43 +7.87e-01 +7.87e-01 1.0e+00 1.0e+00 3.00e-01
39 2.4e-14 8.0e-62 5.9e-43 +7.87e-01 +7.87e-01 1.0e+00 1.0e+00 3.00e-01
40 7.3e-15 1.1e-61 2.9e-43 +7.87e-01 +7.87e-01 1.0e+00 1.0e+00 3.00e-01
41 2.2e-15 9.6e-62 5.9e-43 +7.87e-01 +7.87e-01 1.0e+00 1.0e+00 3.00e-01
42 6.5e-16 8.0e-62 4.4e-43 +7.87e-01 +7.87e-01 1.0e+00 1.0e+00 3.00e-01
43 2.0e-16 8.0e-62 4.4e-43 +7.87e-01 +7.87e-01 1.0e+00 1.0e+00 3.00e-01
44 5.9e-17 8.0e-62 4.4e-43 +7.87e-01 +7.87e-01 1.0e+00 1.0e+00 3.00e-01
45 1.8e-17 8.0e-62 5.9e-43 +7.87e-01 +7.87e-01 1.0e+00 1.0e+00 3.00e-01
46 5.3e-18 9.6e-62 2.9e-43 +7.87e-01 +7.87e-01 1.0e+00 1.0e+00 3.00e-01
47 1.6e-18 8.0e-62 4.4e-43 +7.87e-01 +7.87e-01 1.0e+00 1.0e+00 3.00e-01
48 4.8e-19 8.0e-62 3.0e-43 +7.87e-01 +7.87e-01 1.0e+00 1.0e+00 3.00e-01
49 1.4e-19 8.0e-62 4.4e-43 +7.87e-01 +7.87e-01 1.0e+00 1.0e+00 3.00e-01
50 4.3e-20 8.0e-62 7.3e-43 +7.87e-01 +7.87e-01 1.0e+00 1.0e+00 3.00e-01
51 1.3e-20 4.8e-62 1.6e-42 +7.87e-01 +7.87e-01 1.0e+00 1.0e+00 3.00e-01
52 3.9e-21 8.0e-62 2.2e-42 +7.87e-01 +7.87e-01 1.0e+00 1.0e+00 3.00e-01
53 1.2e-21 3.2e-62 1.8e-42 +7.87e-01 +7.87e-01 1.0e+00 1.0e+00 3.00e-01
54 3.5e-22 4.8e-62 4.4e-43 +7.87e-01 +7.87e-01 1.0e+00 1.0e+00 3.00e-01
55 1.0e-22 3.2e-62 5.9e-43 +7.87e-01 +7.87e-01 1.0e+00 1.0e+00 3.00e-01
56 3.1e-23 3.9e-62 4.4e-43 +7.87e-01 +7.87e-01 1.0e+00 1.0e+00 3.00e-01
57 9.4e-24 4.8e-62 4.4e-43 +7.87e-01 +7.87e-01 1.0e+00 1.0e+00 3.00e-01
58 2.8e-24 4.3e-62 4.4e-43 +7.87e-01 +7.87e-01 1.0e+00 1.0e+00 3.00e-01
59 8.4e-25 6.4e-62 2.9e-43 +7.87e-01 +7.87e-01 1.0e+00 1.0e+00 3.00e-01
60 2.5e-25 3.3e-62 4.4e-43 +7.87e-01 +7.87e-01 1.0e+00 1.0e+00 3.00e-01
61 7.6e-26 4.8e-62 2.9e-43 +7.87e-01 +7.87e-01 1.0e+00 1.0e+00 3.00e-01
62 2.3e-26 3.4e-62 5.9e-43 +7.87e-01 +7.87e-01 1.0e+00 1.0e+00 3.00e-01
63 6.8e-27 3.3e-62 4.4e-43 +7.87e-01 +7.87e-01 1.0e+00 1.0e+00 3.00e-01
64 2.0e-27 4.8e-62 4.4e-43 +7.87e-01 +7.87e-01 1.0e+00 1.0e+00 3.00e-01
65 6.1e-28 4.8e-62 5.9e-43 +7.87e-01 +7.87e-01 1.0e+00 1.0e+00 3.00e-01
66 1.8e-28 7.0e-62 4.4e-43 +7.87e-01 +7.87e-01 1.0e+00 1.0e+00 3.00e-01
67 5.5e-29 4.8e-62 2.9e-43 +7.87e-01 +7.87e-01 1.0e+00 1.0e+00 3.00e-01
68 1.7e-29 8.0e-62 5.9e-43 +7.87e-01 +7.87e-01 1.0e+00 1.0e+00 3.00e-01
69 5.0e-30 6.4e-62 4.4e-43 +7.87e-01 +7.87e-01 1.0e+00 1.0e+00 3.00e-01
70 1.5e-30 8.0e-62 2.9e-43 +7.87e-01 +7.87e-01 1.0e+00 1.0e+00 3.00e-01
71 4.5e-31 4.8e-62 4.4e-43 +7.87e-01 +7.87e-01 1.0e+00 1.0e+00 3.00e-01
72 1.3e-31 3.2e-62 4.4e-43 +7.87e-01 +7.87e-01 1.0e+00 1.0e+00 3.00e-01
73 4.0e-32 4.8e-62 5.9e-43 +7.87e-01 +7.87e-01 1.0e+00 1.0e+00 3.00e-01
74 1.2e-32 3.2e-62 5.9e-43 +7.87e-01 +7.87e-01 1.0e+00 1.0e+00 3.00e-01
75 3.6e-33 4.8e-62 4.4e-43 +7.87e-01 +7.87e-01 1.0e+00 1.0e+00 3.00e-01
76 1.1e-33 3.2e-62 4.4e-43 +7.87e-01 +7.87e-01 1.0e+00 1.0e+00 3.00e-01
77 3.3e-34 4.8e-62 5.9e-43 +7.87e-01 +7.87e-01 1.0e+00 1.0e+00 3.00e-01
78 9.8e-35 4.8e-62 5.9e-43 +7.87e-01 +7.87e-01 1.0e+00 1.0e+00 3.00e-01
79 2.9e-35 4.8e-62 4.4e-43 +7.87e-01 +7.87e-01 1.0e+00 1.0e+00 3.00e-01
80 8.8e-36 4.2e-62 4.4e-43 +7.87e-01 +7.87e-01 1.0e+00 1.0e+00 3.00e-01
81 2.6e-36 4.3e-62 4.4e-43 +7.87e-01 +7.87e-01 1.0e+00 1.0e+00 3.00e-01
82 7.9e-37 4.8e-62 4.4e-43 +7.87e-01 +7.87e-01 1.0e+00 1.0e+00 3.00e-01
83 2.4e-37 6.4e-62 4.4e-43 +7.87e-01 +7.87e-01 1.0e+00 1.0e+00 3.00e-01
84 7.1e-38 4.8e-62 5.9e-43 +7.87e-01 +7.87e-01 1.0e+00 1.0e+00 3.00e-01
85 2.1e-38 4.9e-62 7.6e-43 +7.87e-01 +7.87e-01 1.0e+00 1.0e+00 3.00e-01
86 6.5e-39 3.2e-62 8.8e-43 +7.87e-01 +7.87e-01 1.0e+00 1.0e+00 3.00e-01
87 1.9e-39 6.7e-62 1.9e-42 +7.87e-01 +7.87e-01 1.0e+00 1.0e+00 3.00e-01
88 5.7e-40 3.2e-62 2.6e-42 +7.87e-01 +7.87e-01 1.0e+00 6.8e-01 3.00e-01
88 5.7e-40 3.2e-62 2.6e-42 +7.87e-01 +7.87e-01 1.0e+00 6.8e-01 3.00e-01

phase.value = noINFO    
   Iteration = 88
          mu = 5.6944572198953530e-40
relative gap = 3.1826197598966754e-38
         gap = 1.0250022995811635e-38
      digits = 3.7393178854673792e+01
objValPrimal = 7.8697984418498166e-01
objValDual   = 7.8697984418498166e-01
p.feas.error = 3.1861838222649046e-58
d.feas.error = 5.8774717541114375e-38
relative eps = 2.9387358770557188e-39
total time   = 0.050


Parameters are
** Parameters **
maxIteration =    200
epsilonStar  = 1.000e-100
lambdaStar   = 1.000e+04
omegaStar    = 2.000e+00
lowerBound   = -1.000e+05
upperBound   = 1.000e+05
betaStar     = 1.000e-01
betaBar      = 3.000e-01
gammaStar    = 9.000e-01
epsilonDash  = 1.000e-100
precision    =    100
xPrint       = %+50.40Fe 
XPrint       = %+50.40Fe 
YPrint       = %+50.40Fe 
infPrint     = %+50.40Fe 

                         Time(sec)  Ratio(% : MainLoop) 
 Predictor time  =       0.030000,  60.000000
 Corrector time  =       0.020000,  40.000000
 Make bMat time  =       0.000000,  0.000000
 Make bDia time  =       0.000000,  0.000000
 Make bF1  time  =       0.000000,  0.000000
 Make bF2  time  =       0.000000,  0.000000
 Make bF3  time  =       0.000000,  0.000000
 Make bPRE time  =       0.000000,  0.000000
 Make rMat time  =       0.010000,  20.000000
 Make gVec Mul   =       0.000000,  0.000000
 Make gVec time  =       0.000000,  0.000000
 Cholesky bMat   =       0.000000,  0.000000
 Ste Pre time    =       0.000000,  0.000000
 Ste Cor time    =       0.000000,  0.000000
 solve           =       0.040000,  80.000000
 sumDz           =       0.000000,  0.000000
 makedX          =       0.000000,  0.000000
 symmetriseDx    =       0.000000,  0.000000
 makedXdZ        =       0.000000,  0.000000
 xMatTime        =       0.000000,  0.000000
 zMatTime        =       0.000000,  0.000000
 invzMatTime     =       0.000000,  0.000000
 xMatzMatTime    =       0.000000,  0.000000
 EigxMatTime     =       0.000000,  0.000000
 EigzMatTime     =       0.000000,  0.000000
 EigxMatzMatTime =       0.000000,  0.000000
 updateRes       =       0.000000,  0.000000
 EigTime         =       0.000000,  0.000000
 sub_total_bMat  =       0.050000,  100.000000
 Main Loop       =       0.050000,  100.000000
 File Check      =       0.000000,  0.000000
 File Change     =       0.000000,  0.000000
 File Read       =       0.000000,  0.000000
 Total           =       0.050000,  100.000000

xVec = 
{   +8.0658385457898908876166357822058998927710e-02,   +3.7770178736694061337203403383741860916980e-02,   +1.9464480029265710814906179888237224103340e-01,   +8.0416557605240749234010109348153759294640e-02,   -5.5194942117534708563742574189860759358660e-02,   -1.2529858470621642011436868235161056569270e-01,   +8.0537380765212624044089831542698367636160e-02,   +8.5742456794879510342509440754304310079400e-02,   -5.5112137992819669346998910515595148191200e-02,   -1.2511061024267702684713994929696908769660e-01,   +3.2004892205001632891055612399335842637120e-01,   +1.0319149146875480049929519117149129355180e-39,   +2.5083991964988823089423285544366870654920e-01,   +2.1461338190778043950063711396108775266130e-01,   +1.4760097641097927961734190712923805502400e-39,   +5.8575351127010471957563807250861726014470e-03,   +1.6148571817367096153639198931764454436410e-39,   +2.0864024127961395349881752587679894181060e-01,   +1.6241243280711282732663960064956910808470e-39}
xMat = 
{
{ {   +8.0658385457898908876166357822058998927710e-02,   -5.5194942117534708563742574189860759358660e-02,   -1.2529858470621642011436868235161056569270e-01,   +8.0537380765212624044089831542698367636160e-02 },
  {   -5.5194942117534708563742574189860759358660e-02,   +3.7770178736694061337203403383741860916980e-02,   +8.5742456794879510342509440754304310079400e-02,   -5.5112137992819669346998910515595148191200e-02 },
  {   -1.2529858470621642011436868235161056569270e-01,   +8.5742456794879510342509440754304310079400e-02,   +1.9464480029265710814906179888237224103340e-01,   -1.2511061024267702684713994929696908769660e-01 },
  {   +8.0537380765212624044089831542698367636160e-02,   -5.5112137992819669346998910515595148191200e-02,   -1.2511061024267702684713994929696908769660e-01,   +8.0416557605240749234010109348153759294640e-02 }   }
{ {   +1.1101933693563890485198976142215837247070e-01,   -1.3733612782457235954792712288736778640540e-01,   +8.6224853242304645596911553913922867874300e-02,   -7.1160099391663113704280598026296093464790e-02 },
  {   -1.3733612782457235954792712288736778640540e-01,   +1.6989123270283684053929425420478019120410e-01,   -1.0666418836031390861226059762879518455890e-01,   +8.8028381143442805828083989785332112914360e-02 },
  {   +8.6224853242304645596911553913922867874300e-02,   -1.0666418836031390861226059762879518455890e-01,   +6.6967841115526546048697529189155847182730e-02,   -5.5267571362915322467651299657516122702280e-02 },
  {   -7.1160099391663113704280598026296093464790e-02,   +8.8028381143442805828083989785332112914360e-02,   -5.5267571362915322467651299657516122702280e-02,   +4.5611511338488536156460124620232449313800e-02 }   }
{   +3.2004892205001632891055612399335842637120e-01,   +1.0319149146875480049929519117149129355180e-39,   +2.5083991964988823089423285544366870654920e-01,   +2.1461338190778043950063711396108775266130e-01,   +1.4760097641097927961734190712923805502400e-39,   +5.8575351127010471957563807250861726014470e-03,   +1.6148571817367096153639198931764454436410e-39,   +2.0864024127961395349881752587679894181060e-01,   +1.6241243280711282732663960064956910808470e-39}
{   +5.0546730692498844827242512649649883120840e-40}
}
yMat = 
{
{ {   +1.5583468917097906583576432363699552239710e+00,   +2.5306480610287799294914958343972839273870e-01,   +6.0977580335556219926458329728502976799490e-01,   -4.3857649031618740838034011196974975945940e-01 },
  {   +2.5306480610287799294914958343972839273870e-01,   +1.7837763926026824308911022604048395356450e+00,   -4.5605207101541992757642693290236409440060e-01,   +2.5951870814145594502439925265661544865330e-01 },
  {   +6.0977580335556219926458329728502976799490e-01,   -4.5605207101541992757642693290236409440060e-01,   +9.6294497590725462904722572531996007849770e-01,   +5.7489258700735950079033291468196105867360e-01 },
  {   -4.3857649031618740838034011196974975945940e-01,   +2.5951870814145594502439925265661544865330e-01,   +5.7489258700735950079033291468196105867360e-01,   +1.5114996047360803827258464881167820458010e+00 }   }
{ {   +4.4165310829020934164235676363004477603300e-01,   -2.5306480610287799294914958343972839273280e-01,   -6.0977580335556219926458329728502976798030e-01,   +4.3857649031618740838034011196974975946090e-01 },
  {   -2.5306480610287799294914958343972839273280e-01,   +2.1622360739731756910889773959516046434980e-01,   +4.5605207101541992757642693290236409438020e-01,   -2.5951870814145594502439925265661544865390e-01 },
  {   -6.0977580335556219926458329728502976798030e-01,   +4.5605207101541992757642693290236409438020e-01,   +1.0370550240927453709527742746800399214460e+00,   -5.7489258700735950079033291468196105866530e-01 },
  {   +4.3857649031618740838034011196974975946090e-01,   -2.5951870814145594502439925265661544865390e-01,   -5.7489258700735950079033291468196105866530e-01,   +4.8850039526391961727415351188321795418800e-01 }   }
{   +9.4487696765198708089679475916230558601000e-40,   +1.6555019620836381839216567808538602344750e-01,   +1.2055770683908419911818611564271329186650e-39,   +1.4090773477343137312411533645395591570870e-39,   +1.1574023475372696712237734225675438563420e-01,   +5.1626981170149520602367641143464816987400e-38,   +1.0578874623026183039340123266340646567920e-01,   +1.4494176823809804032549852934353553931880e-39,   +1.0518512261912189441749639593574271614270e-01}
{   +3.3797184161351186090809083005593272684870e-01}
}
    main loop time = 0.050000
        total time = 0.050000
  file   read time = 0.000000
