SDPA-GMP start at Mon May 26 13:39:28 2025
data      is input_sdpa.dat
parameter is ./param.sdpa
out       is output_sdpa2.dat
DENSE computation
   mu      thetaP  thetaD  objP      objD      alphaP  alphaD  beta 
 0 1.0e+08 1.0e+00 1.0e+00 +0.00e+00 +1.00e+04 9.0e-01 9.0e-01 3.00e-01
 1 1.5e+07 1.0e-01 1.0e-01 +1.15e+05 -1.34e+04 9.0e-01 9.0e-01 3.00e-01
 2 2.4e+06 1.0e-02 9.9e-03 +1.89e+05 -2.35e+04 9.0e-01 9.1e-01 3.00e-01
 3 3.7e+05 1.0e-03 9.0e-04 +2.88e+05 -3.66e+04 9.0e-01 1.0e+00 3.00e-01
 4 5.7e+04 9.8e-05 8.0e-08 +3.89e+05 -5.84e+04 9.2e-01 1.0e+00 3.00e-01
 5 1.0e+04 8.2e-06 2.2e-81 +1.59e+05 -9.03e+04 1.0e+00 1.0e+00 3.00e-01
 6 2.3e+03 3.2e-80 6.9e-81 +2.50e+04 -1.17e+05 1.0e+00 1.0e+00 3.00e-01
 7 6.8e+02 1.9e-81 1.3e-81 +5.42e+03 -3.73e+04 1.0e+00 1.0e+00 3.00e-01
 8 2.0e+02 3.2e-81 1.7e-81 +1.63e+03 -1.12e+04 1.0e+00 1.0e+00 3.00e-01
 9 6.1e+01 3.4e-81 1.7e-81 +4.88e+02 -3.36e+03 1.0e+00 1.0e+00 3.00e-01
10 1.8e+01 2.6e-81 2.6e-81 +1.46e+02 -1.01e+03 1.0e+00 1.0e+00 3.00e-01
11 5.5e+00 1.3e-81 4.7e-81 +4.40e+01 -3.02e+02 1.0e+00 1.0e+00 3.00e-01
12 1.6e+00 5.6e-81 8.6e-81 +1.32e+01 -9.06e+01 1.0e+00 1.0e+00 3.00e-01
13 4.9e-01 2.4e-80 1.5e-80 +3.99e+00 -2.71e+01 1.0e+00 1.0e+00 3.00e-01
14 1.5e-01 7.9e-81 2.6e-81 +1.22e+00 -8.12e+00 1.0e+00 1.0e+00 3.00e-01
15 4.4e-02 1.3e-81 3.0e-81 +3.82e-01 -2.42e+00 1.0e+00 1.0e+00 3.00e-01
16 1.3e-02 8.4e-100 2.6e-81 +1.19e-01 -7.21e-01 1.0e+00 1.0e+00 3.00e-01
17 4.0e-03 4.2e-100 2.2e-81 +3.59e-02 -2.16e-01 1.0e+00 1.0e+00 3.00e-01
18 1.2e-03 6.6e-100 2.6e-81 +1.08e-02 -6.49e-02 1.0e+00 1.0e+00 3.00e-01
19 3.6e-04 5.6e-100 2.2e-81 +3.24e-03 -1.95e-02 1.0e+00 1.0e+00 3.00e-01
20 1.1e-04 6.1e-100 2.6e-81 +9.72e-04 -5.84e-03 1.0e+00 1.0e+00 3.00e-01
21 3.2e-05 7.0e-100 2.6e-81 +2.92e-04 -1.75e-03 1.0e+00 1.0e+00 3.00e-01
22 9.7e-06 7.0e-100 2.6e-81 +8.75e-05 -5.25e-04 1.0e+00 1.0e+00 3.00e-01
23 2.9e-06 7.5e-100 2.2e-81 +2.63e-05 -1.58e-04 1.0e+00 1.0e+00 3.00e-01
24 8.8e-07 6.1e-100 2.6e-81 +7.88e-06 -4.73e-05 1.0e+00 1.0e+00 3.00e-01
25 2.6e-07 8.9e-100 1.7e-81 +2.36e-06 -1.42e-05 1.0e+00 1.0e+00 3.00e-01
26 7.9e-08 1.1e-99 2.2e-81 +7.09e-07 -4.25e-06 1.0e+00 1.0e+00 3.00e-01
27 2.4e-08 5.1e-100 1.7e-81 +2.13e-07 -1.28e-06 1.0e+00 1.0e+00 3.00e-01
28 7.1e-09 6.6e-100 2.2e-81 +6.39e-08 -3.83e-07 1.0e+00 1.0e+00 3.00e-01
29 2.1e-09 6.6e-100 2.9e-76 +1.95e-08 -1.14e-07 1.0e+00 1.0e+00 3.00e-01
30 6.4e-10 6.1e-100 6.6e-76 +6.70e-09 -3.35e-08 1.0e+00 1.0e+00 3.00e-01
31 1.9e-10 9.4e-100 6.3e-76 +1.82e-09 -1.02e-08 1.0e+00 1.0e+00 3.00e-01
32 5.7e-11 7.0e-100 2.1e-75 +5.92e-10 -3.03e-09 1.0e+00 1.0e+00 3.00e-01
33 1.7e-11 6.6e-100 4.1e-75 +1.55e-10 -9.30e-10 1.0e+00 1.0e+00 3.00e-01
34 5.2e-12 3.7e-100 2.9e-75 +4.65e-11 -2.79e-10 1.0e+00 1.0e+00 3.00e-01
35 1.6e-12 3.3e-100 2.5e-75 +1.40e-11 -8.37e-11 1.0e+00 1.0e+00 3.00e-01
36 4.7e-13 3.3e-100 9.0e-75 +4.19e-12 -2.51e-11 1.0e+00 1.0e+00 3.00e-01
37 1.4e-13 5.1e-100 1.9e-74 +1.26e-12 -7.54e-12 1.0e+00 1.0e+00 3.00e-01
38 4.2e-14 5.6e-100 3.2e-74 +3.77e-13 -2.26e-12 1.0e+00 1.0e+00 3.00e-01
39 1.3e-14 4.2e-100 7.8e-74 +1.13e-13 -6.78e-13 1.0e+00 1.0e+00 3.00e-01
40 3.8e-15 1.9e-100 2.4e-73 +3.39e-14 -2.03e-13 1.0e+00 1.0e+00 3.00e-01
41 1.1e-15 3.3e-100 1.6e-73 +1.02e-14 -6.10e-14 1.0e+00 1.0e+00 3.00e-01
42 3.4e-16 2.8e-100 5.6e-73 +3.06e-15 -1.83e-14 1.0e+00 1.0e+00 3.00e-01
43 1.0e-16 2.3e-100 7.7e-73 +9.26e-16 -5.48e-15 1.0e+00 1.0e+00 3.00e-01
44 3.1e-17 2.8e-100 9.8e-73 +2.89e-16 -1.63e-15 1.0e+00 1.0e+00 3.00e-01
45 9.2e-18 2.8e-100 1.3e-72 +1.06e-16 -4.70e-16 1.0e+00 1.0e+00 3.00e-01
46 2.7e-18 3.3e-100 5.2e-72 +6.34e-17 -1.10e-16 1.0e+00 9.5e-01 3.00e-01
47 9.1e-19 1.9e-100 1.8e-71 +5.03e-17 -6.71e-18 1.0e+00 6.4e-01 3.00e-01
48 3.9e-19 5.6e-100 6.9e-64 +3.03e-17 +5.94e-18 8.5e-01 7.2e-01 3.00e-01
49 1.7e-19 1.9e-99 4.5e-63 +2.09e-17 +1.03e-17 1.0e+00 7.9e-01 3.00e-01
50 5.7e-20 9.8e-100 2.2e-63 +1.55e-17 +1.19e-17 1.0e+00 9.8e-01 3.00e-01
51 1.7e-20 5.1e-100 1.5e-63 +1.35e-17 +1.24e-17 1.0e+00 1.0e+00 3.00e-01
52 5.2e-21 1.2e-99 3.7e-64 +1.29e-17 +1.26e-17 1.0e+00 1.0e+00 3.00e-01
53 1.6e-21 9.8e-100 1.5e-64 +1.27e-17 +1.26e-17 1.0e+00 1.0e+00 3.00e-01
54 4.7e-22 8.9e-100 3.9e-65 +1.26e-17 +1.26e-17 1.0e+00 1.0e+00 3.00e-01
55 1.4e-22 9.8e-100 1.3e-65 +1.26e-17 +1.26e-17 1.0e+00 1.0e+00 3.00e-01
56 4.2e-23 9.4e-100 3.9e-66 +1.26e-17 +1.26e-17 1.0e+00 1.0e+00 3.00e-01
57 1.3e-23 8.9e-100 9.9e-67 +1.26e-17 +1.26e-17 1.0e+00 1.0e+00 3.00e-01
58 3.8e-24 9.0e-100 3.0e-67 +1.26e-17 +1.26e-17 1.0e+00 1.0e+00 3.00e-01
59 1.1e-24 1.1e-99 1.7e-67 +1.26e-17 +1.26e-17 1.0e+00 1.0e+00 3.00e-01
60 3.4e-25 9.4e-100 6.1e-68 +1.26e-17 +1.26e-17 1.0e+00 1.0e+00 3.00e-01
61 1.0e-25 9.4e-100 9.4e-68 +1.26e-17 +1.26e-17 1.0e+00 1.0e+00 3.00e-01
62 3.1e-26 1.1e-99 1.9e-67 +1.26e-17 +1.26e-17 1.0e+00 1.0e+00 3.00e-01
63 9.2e-27 1.1e-99 3.6e-67 +1.26e-17 +1.26e-17 1.0e+00 1.0e+00 3.00e-01
64 2.8e-27 1.2e-99 5.1e-67 +1.26e-17 +1.26e-17 1.0e+00 1.0e+00 3.00e-01
65 8.3e-28 8.9e-100 1.1e-66 +1.26e-17 +1.26e-17 1.0e+00 1.0e+00 3.00e-01
66 2.5e-28 8.9e-100 2.1e-66 +1.26e-17 +1.26e-17 1.0e+00 1.0e+00 3.00e-01
67 7.4e-29 1.1e-99 3.4e-66 +1.26e-17 +1.26e-17 1.0e+00 1.0e+00 3.00e-01
68 2.2e-29 9.8e-100 6.8e-66 +1.26e-17 +1.26e-17 1.0e+00 1.0e+00 3.00e-01
69 6.7e-30 8.4e-100 1.2e-65 +1.26e-17 +1.26e-17 1.0e+00 1.0e+00 3.00e-01
70 2.0e-30 1.1e-99 2.4e-65 +1.26e-17 +1.26e-17 1.0e+00 1.0e+00 3.00e-01
71 6.0e-31 9.8e-100 3.8e-65 +1.26e-17 +1.26e-17 1.0e+00 1.0e+00 3.00e-01
72 1.8e-31 9.4e-100 7.7e-65 +1.26e-17 +1.26e-17 1.0e+00 1.0e+00 3.00e-01
73 5.4e-32 9.4e-100 1.3e-64 +1.26e-17 +1.26e-17 1.0e+00 1.0e+00 3.00e-01
74 1.6e-32 8.9e-100 2.4e-64 +1.26e-17 +1.26e-17 1.0e+00 1.0e+00 3.00e-01
75 4.9e-33 9.8e-100 4.6e-64 +1.26e-17 +1.26e-17 1.0e+00 1.0e+00 3.00e-01
76 1.5e-33 1.1e-99 7.6e-64 +1.26e-17 +1.26e-17 1.0e+00 1.0e+00 3.00e-01
77 4.4e-34 8.9e-100 1.4e-63 +1.26e-17 +1.26e-17 1.0e+00 1.0e+00 3.00e-01
78 1.3e-34 1.1e-99 2.1e-63 +1.26e-17 +1.26e-17 1.0e+00 1.0e+00 3.00e-01
79 4.0e-35 1.0e-99 4.1e-63 +1.26e-17 +1.26e-17 1.0e+00 1.0e+00 3.00e-01
80 1.2e-35 9.8e-100 5.1e-63 +1.26e-17 +1.26e-17 1.0e+00 1.0e+00 3.00e-01
81 3.6e-36 8.4e-100 5.7e-63 +1.26e-17 +1.26e-17 1.0e+00 1.0e+00 3.00e-01
82 1.1e-36 4.7e-100 1.1e-63 +1.26e-17 +1.26e-17 1.0e+00 1.0e+00 3.00e-01
83 3.2e-37 5.6e-100 1.1e-62 +1.26e-17 +1.26e-17 1.0e+00 1.0e+00 3.00e-01
84 9.6e-38 4.1e-100 2.1e-62 +1.26e-17 +1.26e-17 1.0e+00 1.0e+00 3.00e-01
85 2.9e-38 2.3e-100 2.1e-65 +1.26e-17 +1.26e-17 1.0e+00 1.0e+00 3.00e-01
86 8.7e-39 2.3e-100 5.0e-63 +1.26e-17 +1.26e-17 1.0e+00 1.0e+00 3.00e-01
87 2.6e-39 2.8e-100 3.0e-63 +1.26e-17 +1.26e-17 1.0e+00 1.0e+00 3.00e-01
88 7.8e-40 2.8e-100 1.2e-63 +1.26e-17 +1.26e-17 1.0e+00 1.0e+00 3.00e-01
89 2.3e-40 3.7e-100 5.2e-64 +1.26e-17 +1.26e-17 1.0e+00 1.0e+00 3.00e-01
90 7.0e-41 2.3e-100 2.2e-64 +1.26e-17 +1.26e-17 1.0e+00 1.0e+00 3.00e-01
91 2.1e-41 2.3e-100 4.2e-65 +1.26e-17 +1.26e-17 1.0e+00 1.0e+00 3.00e-01
92 6.3e-42 3.7e-100 5.3e-65 +1.26e-17 +1.26e-17 1.0e+00 1.0e+00 3.00e-01
93 1.9e-42 1.4e-100 1.5e-65 +1.26e-17 +1.26e-17 1.0e+00 1.0e+00 3.00e-01
94 5.7e-43 2.3e-100 1.6e-65 +1.26e-17 +1.26e-17 1.0e+00 1.0e+00 3.00e-01
95 1.7e-43 2.7e-100 8.0e-66 +1.26e-17 +1.26e-17 1.0e+00 1.0e+00 3.00e-01
96 5.1e-44 2.3e-100 7.0e-66 +1.26e-17 +1.26e-17 1.0e+00 1.0e+00 3.00e-01
97 1.5e-44 2.8e-100 8.4e-67 +1.26e-17 +1.26e-17 1.0e+00 1.0e+00 3.00e-01
98 4.6e-45 3.3e-100 1.3e-66 +1.26e-17 +1.26e-17 1.0e+00 1.0e+00 3.00e-01
99 1.4e-45 2.8e-100 4.1e-67 +1.26e-17 +1.26e-17 1.0e+00 1.0e+00 3.00e-01
100 4.1e-46 3.7e-100 2.3e-67 +1.26e-17 +1.26e-17 1.0e+00 1.0e+00 3.00e-01
101 1.2e-46 2.8e-100 7.3e-68 +1.26e-17 +1.26e-17 1.0e+00 1.0e+00 3.00e-01
102 3.7e-47 2.3e-100 1.2e-67 +1.26e-17 +1.26e-17 1.0e+00 1.0e+00 3.00e-01
103 1.1e-47 2.3e-100 5.9e-68 +1.26e-17 +1.26e-17 1.0e+00 1.0e+00 3.00e-01
104 3.4e-48 2.3e-100 2.5e-68 +1.26e-17 +1.26e-17 1.0e+00 1.0e+00 3.00e-01
105 1.0e-48 2.4e-100 1.9e-68 +1.26e-17 +1.26e-17 1.0e+00 1.0e+00 3.00e-01
106 3.0e-49 2.3e-100 6.1e-69 +1.26e-17 +1.26e-17 1.0e+00 1.0e+00 3.00e-01
107 9.1e-50 1.4e-100 2.7e-69 +1.26e-17 +1.26e-17 1.0e+00 1.0e+00 3.00e-01
108 2.7e-50 2.8e-100 6.9e-69 +1.26e-17 +1.26e-17 1.0e+00 1.0e+00 3.00e-01
109 8.1e-51 2.8e-100 2.2e-68 +1.26e-17 +1.26e-17 1.0e+00 1.0e+00 3.00e-01
110 2.4e-51 2.3e-100 7.1e-68 +1.26e-17 +1.26e-17 1.0e+00 1.0e+00 3.00e-01
111 7.3e-52 2.3e-100 2.5e-67 +1.26e-17 +1.26e-17 1.0e+00 1.0e+00 3.00e-01
112 2.2e-52 2.3e-100 8.0e-67 +1.26e-17 +1.26e-17 1.0e+00 1.0e+00 3.00e-01
113 6.6e-53 3.3e-100 2.6e-66 +1.26e-17 +1.26e-17 1.0e+00 1.0e+00 3.00e-01
114 2.0e-53 2.6e-100 9.0e-66 +1.26e-17 +1.26e-17 1.0e+00 1.0e+00 3.00e-01
115 5.9e-54 2.7e-100 2.8e-65 +1.26e-17 +1.26e-17 1.0e+00 1.0e+00 3.00e-01
116 1.8e-54 4.0e-100 9.2e-65 +1.26e-17 +1.26e-17 1.0e+00 1.0e+00 3.00e-01
117 5.3e-55 2.3e-100 3.2e-64 +1.26e-17 +1.26e-17 1.0e+00 1.0e+00 3.00e-01
118 1.6e-55 2.3e-100 1.1e-63 +1.26e-17 +1.26e-17 1.0e+00 1.0e+00 3.00e-01
119 4.8e-56 2.5e-100 4.1e-63 +1.26e-17 +1.26e-17 1.0e+00 1.0e+00 3.00e-01
120 1.4e-56 2.8e-100 1.2e-62 +1.26e-17 +1.26e-17 1.0e+00 1.0e+00 3.00e-01
121 4.3e-57 3.7e-100 1.6e-62 +1.26e-17 +1.26e-17 1.0e+00 1.0e+00 3.00e-01
122 1.3e-57 2.3e-100 4.6e-71 +1.26e-17 +1.26e-17 1.0e+00 1.0e+00 3.00e-01
123 3.9e-58 2.3e-100 3.1e-63 +1.26e-17 +1.26e-17 1.0e+00 1.0e+00 3.00e-01
124 1.2e-58 2.3e-100 2.3e-63 +1.26e-17 +1.26e-17 1.0e+00 1.0e+00 3.00e-01
125 3.5e-59 2.3e-100 6.9e-64 +1.26e-17 +1.26e-17 1.0e+00 1.0e+00 3.00e-01
126 1.1e-59 2.8e-100 2.9e-64 +1.26e-17 +1.26e-17 1.0e+00 1.0e+00 3.00e-01
127 3.2e-60 3.7e-100 1.3e-64 +1.26e-17 +1.26e-17 1.0e+00 1.0e+00 3.00e-01
128 9.5e-61 2.8e-100 2.5e-65 +1.26e-17 +1.26e-17 1.0e+00 1.0e+00 3.00e-01
129 2.8e-61 3.7e-100 2.1e-65 +1.26e-17 +1.26e-17 1.0e+00 1.0e+00 3.00e-01
130 8.5e-62 3.3e-100 2.3e-66 +1.26e-17 +1.26e-17 1.0e+00 1.0e+00 3.00e-01
131 2.6e-62 2.8e-100 8.5e-67 +1.26e-17 +1.26e-17 1.0e+00 1.0e+00 3.00e-01
132 7.7e-63 2.3e-100 2.7e-67 +1.26e-17 +1.26e-17 1.0e+00 1.0e+00 3.00e-01
133 2.3e-63 2.8e-100 8.6e-68 +1.26e-17 +1.26e-17 1.0e+00 1.0e+00 3.00e-01
134 6.9e-64 2.4e-100 7.3e-68 +1.26e-17 +1.26e-17 1.0e+00 1.0e+00 3.00e-01
135 2.1e-64 2.5e-100 1.2e-67 +1.26e-17 +1.26e-17 1.0e+00 1.0e+00 3.00e-01
136 6.2e-65 1.4e-100 2.1e-67 +1.26e-17 +1.26e-17 1.0e+00 1.0e+00 3.00e-01
137 1.9e-65 2.3e-100 3.6e-67 +1.26e-17 +1.26e-17 1.0e+00 1.0e+00 3.00e-01
138 5.6e-66 1.9e-100 7.4e-67 +1.26e-17 +1.26e-17 1.0e+00 1.0e+00 3.00e-01
139 1.7e-66 3.7e-100 1.2e-66 +1.26e-17 +1.26e-17 1.0e+00 1.0e+00 3.00e-01
140 5.0e-67 2.8e-100 2.5e-66 +1.26e-17 +1.26e-17 1.0e+00 1.0e+00 3.00e-01
141 1.5e-67 2.7e-100 4.0e-66 +1.26e-17 +1.26e-17 1.0e+00 1.0e+00 3.00e-01
142 4.5e-68 3.0e-100 7.0e-66 +1.26e-17 +1.26e-17 1.0e+00 1.0e+00 3.00e-01
143 1.4e-68 3.3e-100 1.3e-65 +1.26e-17 +1.26e-17 1.0e+00 1.0e+00 3.00e-01
144 4.1e-69 1.5e-100 2.8e-65 +1.26e-17 +1.26e-17 1.0e+00 1.0e+00 3.00e-01
145 1.2e-69 2.3e-100 4.8e-65 +1.26e-17 +1.26e-17 1.0e+00 1.0e+00 3.00e-01
146 3.7e-70 2.3e-100 9.0e-65 +1.26e-17 +1.26e-17 1.0e+00 1.0e+00 3.00e-01
147 1.1e-70 2.3e-100 1.7e-64 +1.26e-17 +1.26e-17 1.0e+00 1.0e+00 3.00e-01
148 3.3e-71 2.4e-100 2.8e-64 +1.26e-17 +1.26e-17 1.0e+00 1.0e+00 3.00e-01
149 9.9e-72 2.6e-100 5.5e-64 +1.26e-17 +1.26e-17 1.0e+00 1.0e+00 3.00e-01
150 3.0e-72 2.8e-100 9.2e-64 +1.26e-17 +1.26e-17 1.0e+00 1.0e+00 3.00e-01
151 8.9e-73 4.2e-100 1.6e-63 +1.26e-17 +1.26e-17 1.0e+00 1.0e+00 3.00e-01
152 2.7e-73 2.8e-100 2.6e-63 +1.26e-17 +1.26e-17 1.0e+00 1.0e+00 3.00e-01
153 8.0e-74 2.8e-100 4.0e-63 +1.26e-17 +1.26e-17 1.0e+00 1.0e+00 3.00e-01
154 2.4e-74 3.1e-100 5.0e-63 +1.26e-17 +1.26e-17 1.0e+00 1.0e+00 3.00e-01
155 7.2e-75 2.6e-100 6.7e-63 +1.26e-17 +1.26e-17 1.0e+00 1.0e+00 3.00e-01
156 2.2e-75 1.6e-100 2.0e-63 +1.26e-17 +1.26e-17 1.0e+00 1.0e+00 3.00e-01
157 6.5e-76 1.9e-100 1.3e-62 +1.26e-17 +1.26e-17 1.0e+00 1.0e+00 3.00e-01
158 1.9e-76 1.9e-100 1.6e-62 +1.26e-17 +1.26e-17 1.0e+00 1.0e+00 3.00e-01
159 5.8e-77 2.8e-100 1.7e-66 +1.26e-17 +1.26e-17 1.0e+00 1.0e+00 3.00e-01
160 1.8e-77 2.3e-100 6.3e-63 +1.26e-17 +1.26e-17 1.0e+00 1.0e+00 3.00e-01
161 5.3e-78 1.9e-100 2.9e-63 +1.26e-17 +1.26e-17 1.0e+00 1.0e+00 3.00e-01
162 1.6e-78 3.7e-100 1.4e-63 +1.26e-17 +1.26e-17 1.0e+00 1.0e+00 3.00e-01
163 4.7e-79 2.3e-100 8.3e-64 +1.26e-17 +1.26e-17 1.0e+00 1.0e+00 3.00e-01
164 1.4e-79 3.3e-100 1.4e-63 +1.26e-17 +1.26e-17 1.0e+00 1.0e+00 3.00e-01
165 4.3e-80 2.8e-100 3.4e-63 +1.26e-17 +1.26e-17 1.0e+00 1.0e+00 3.00e-01
166 1.3e-80 2.3e-100 2.6e-63 +1.26e-17 +1.26e-17 1.0e+00 1.0e+00 3.00e-01
167 3.8e-81 3.7e-100 2.5e-63 +1.26e-17 +1.26e-17 1.0e+00 1.0e+00 3.00e-01
168 1.2e-81 3.3e-100 2.3e-59 +1.26e-17 +1.26e-17 1.0e+00 1.0e+00 3.00e-01
169 3.5e-82 3.3e-100 9.2e-60 +1.26e-17 +1.26e-17 1.0e+00 1.0e+00 3.00e-01
170 1.0e-82 1.9e-100 2.2e-58 +1.26e-17 +1.26e-17 1.0e+00 1.0e+00 3.00e-01
171 3.1e-83 1.6e-100 2.7e-59 +1.26e-17 +1.26e-17 1.0e+00 1.0e+00 3.00e-01
172 9.3e-84 2.3e-100 8.0e-58 +1.26e-17 +1.26e-17 1.0e+00 1.0e+00 3.00e-01
173 2.8e-84 2.2e-100 1.1e-58 +1.26e-17 +1.26e-17 1.0e+00 1.0e+00 3.00e-01
174 8.4e-85 4.8e-100 1.1e-57 +1.26e-17 +1.26e-17 1.0e+00 1.0e+00 3.00e-01
175 2.5e-85 2.3e-100 2.4e-57 +1.26e-17 +1.26e-17 1.0e+00 1.0e+00 3.00e-01
176 7.6e-86 1.4e-100 9.1e-57 +1.26e-17 +1.26e-17 1.0e+00 1.0e+00 3.00e-01
177 2.3e-86 3.4e-100 2.1e-57 +1.26e-17 +1.26e-17 1.0e+00 1.0e+00 3.00e-01

phase.value = noINFO    
   Iteration = 177
          mu = 2.2657470709300642e-86
relative gap = 4.2154905705603687e-53
         gap = 1.4274206546859405e-84
      digits = 3.5475627530896560e+01
objValPrimal = 1.2603049821434877e-17
objValDual   = 1.2603049821434877e-17
p.feas.error = 3.3874118739970814e-96
d.feas.error = 4.2155718679911112e-53
relative eps = 8.6361685550944446e-78
total time   = 0.690


Parameters are
** Parameters **
maxIteration =    1000
epsilonStar  = 1.000e-100
lambdaStar   = 1.000e+04
omegaStar    = 2.000e+00
lowerBound   = -1.000e+05
upperBound   = 1.000e+05
betaStar     = 1.000e-01
betaBar      = 3.000e-01
gammaStar    = 9.000e-01
epsilonDash  = 1.000e-100
precision    =    200
xPrint       = %+50.40Fe 
XPrint       = %+50.40Fe 
YPrint       = %+50.40Fe 
infPrint     = %+50.40Fe 

                         Time(sec)  Ratio(% : MainLoop) 
 Predictor time  =       0.580000,  85.294118
 Corrector time  =       0.040000,  5.882353
 Make bMat time  =       0.240000,  35.294118
 Make bDia time  =       0.010000,  1.470588
 Make bF1  time  =       0.220000,  32.352941
 Make bF2  time  =       0.000000,  0.000000
 Make bF3  time  =       0.000000,  0.000000
 Make bPRE time  =       0.050000,  7.352941
 Make rMat time  =       0.010000,  1.470588
 Make gVec Mul   =       0.010000,  1.470588
 Make gVec time  =       0.010000,  1.470588
 Cholesky bMat   =       0.300000,  44.117647
 Ste Pre time    =       0.000000,  0.000000
 Ste Cor time    =       0.040000,  5.882353
 solve           =       0.030000,  4.411765
 sumDz           =       0.020000,  2.941176
 makedX          =       0.000000,  0.000000
 symmetriseDx    =       0.000000,  0.000000
 makedXdZ        =       0.030000,  4.411765
 xMatTime        =       0.000000,  0.000000
 zMatTime        =       0.000000,  0.000000
 invzMatTime     =       0.000000,  0.000000
 xMatzMatTime    =       0.000000,  0.000000
 EigxMatTime     =       0.030000,  4.411765
 EigzMatTime     =       0.010000,  1.470588
 EigxMatzMatTime =       0.000000,  0.000000
 updateRes       =       0.010000,  1.470588
 EigTime         =       0.040000,  5.882353
 sub_total_bMat  =       0.440000,  64.705882
 Main Loop       =       0.680000,  100.000000
 File Check      =       0.000000,  0.000000
 File Change     =       0.000000,  0.000000
 File Read       =       0.010000,  1.470588
 Total           =       0.690000,  101.470588

xVec = 
{   +9.7410534328409777354112305062043649360136e-19,   +8.6214633425519579523590443614329931349582e-19,   +1.6244029807281531951019329009523401424304e-18,   +2.8408702524499915888106646791340520201326e-18,   +9.1641767272940781261305417796576076556971e-19,   -1.2579108168602054469057816715118501546245e-18,   -1.6635224352224350330316708103424198047478e-18,   -1.1834158504887412307174797510996687864979e-18,   -1.5650066690734557089783731868389667886618e-18,   +2.1481894948867307476563292048443449849637e-18,   +2.7121614649563596560648545835932820075403e-70,   +6.4289621745678062936861875810695452136949e-70,   +7.5877275398918075083459312327350927907579e-70,   +8.4189760077995203982800421314686468175767e-70,   +4.9189426159144244600694971950522307391420e-70,   +5.5733682090225797574907908422546526773489e-70,   +4.3266144477875286306320393875123482050540e-69,   +6.2172003130822183517077523069639542005571e-70,   +5.8832897694403314088458788670705957008938e-70,   +1.5450120082655887011143720499866942210590e-69,   +2.4318394818365273809802762030589798853542e-70,   +5.7618855150672495808394636452654981405217e-70,   +4.2517083287642817747119437201370192278328e-70,   +5.8719515320235579744351732140723831333321e-70,   +1.8787391882522213265305198486709523981929e-69,   +3.5131486654022846865886397861923900519470e-70,   +3.3226357193959994356175731240747848494999e-70,   +1.6860232969739886872416934709290696702314e-01,   +5.4152321475196628865301592426589625270724e-70,   +3.5697762238810014652369838390363044915123e-70,   +1.5406875080282376714349694414926716059454e-69,   +3.1325020795549797671060805859022924674497e-70,   +8.0119611745872818381933967248526777438823e-70,   +7.5773043988138833196045684279895897969070e-70,   +1.5510548831922796381847046533920374109084e-69,   +9.1077960672394470733952088599011298252860e-70,   +3.6831988251347789435942678676158779371550e-70,   +3.5342236926721681594413688168144672842332e-70,   +1.0239079167258287314208654822811058391656e-69,   +1.3224762932776177706635195006971559510602e-69,   +3.2953227806797607666446380491668734747629e-70,   +5.4221987503206652359142712243076934393123e-70,   +6.3468915409907934407594593465592471586633e-01,   +2.0996881271188727522355064649126669625446e-70,   +2.1375890162964119244896246639095391564934e-69,   +3.9065382039514618815604824524992291759772e-70,   +6.1864810086374623287099754340731287028577e-70,   +1.4525697240502906851426834124766217355064e-69,   +6.6815434764801322116425844410490718484992e-70,   +3.6163460761526172205273450537102362998197e-70,   +3.4042077269286678325792149053373487688016e-70,   +3.9170113493860163558385382407993976556532e-70,   +7.9725457494888506335088222183372180259627e-70,   +1.4768175538727956264864424131998241930729e-01,   +4.8724961440235560172201421372772181660053e-70,   +7.1896666161795713896652535059855768851410e-70,   +1.0628431074591484916931687999981000231742e-69,   +4.9026760816242224551240476931185897803242e-02,   +5.6253046544973035610341500418230896539888e-70,   +2.9458510969712634130284376741357709226936e-69,   +3.4309111204418909489875586100544213248199e-70,   +3.0853036204494855196393678437489886940463e-70,   +3.7575283062849738694343394340599746868086e-70,   +1.9527778316339517073685558976629335842140e-69}
xMat = 
{
{ {   +9.7410534328409777354112305062043649360136e-19,   +9.1641767272940781261305417796576076556971e-19,   -1.2579108168602054469057816715118501546245e-18,   -1.6635224352224350330316708103424198047478e-18 },
  {   +9.1641767272940781261305417796576076556971e-19,   +8.6214633425519579523590443614329931349582e-19,   -1.1834158504887412307174797510996687864979e-18,   -1.5650066690734557089783731868389667886618e-18 },
  {   -1.2579108168602054469057816715118501546245e-18,   -1.1834158504887412307174797510996687864979e-18,   +1.6244029807281531951019329009523401424304e-18,   +2.1481894948867307476563292048443449849637e-18 },
  {   -1.6635224352224350330316708103424198047478e-18,   -1.5650066690734557089783731868389667886618e-18,   +2.1481894948867307476563292048443449849637e-18,   +2.8408702524499915888106646791340520201326e-18 }   }
{ {   +1.2521925153232338453912907448899850521963e-18,   -1.5881807624628025623545205955513018939946e-18,   -1.3622056272839313033783595419582015264305e-19,   -3.8662645911133512531484183841168471002412e-20 },
  {   -1.5881807624628025623545205955513018939946e-18,   +2.9078103415326846748703441520821524395590e-18,   +8.0307921306766357513537442568454624246091e-19,   +6.4628758783218685320108914176125594352106e-20 },
  {   -1.3622056272839313033783595419582015264305e-19,   +8.0307921306766357513537442568454624246091e-19,   +1.5286816802225756678169208067364973399940e-18,   -7.9330605209037313068861960101629492144706e-19 },
  {   -3.8662645911133512531484183841168471002412e-20,   +6.4628758783218685320108914176125594352106e-20,   -7.9330605209037313068861960101629492144706e-19,   +6.1284037363571841540311739499573817990832e-19 }   }
{   +2.7121614649563596560648545835932820075403e-70,   +6.4289621745678062936861875810695452136949e-70,   +7.5877275398918075083459312327350927907579e-70,   +8.4189760077995203982800421314686468175767e-70,   +4.9189426159144244600694971950522307391420e-70,   +5.5733682090225797574907908422546526773489e-70,   +4.3266144477875286306320393875123482050540e-69,   +6.2172003130822183517077523069639542005571e-70,   +5.8832897694403314088458788670705957008938e-70,   +1.5450120082655887011143720499866942210590e-69,   +2.4318394818365273809802762030589798853542e-70,   +5.7618855150672495808394636452654981405217e-70,   +4.2517083287642817747119437201370192278328e-70,   +5.8719515320235579744351732140723831333321e-70,   +1.8787391882522213265305198486709523981929e-69,   +3.5131486654022846865886397861923900519470e-70,   +3.3226357193959994356175731240747848494999e-70,   +1.6860232969739886872416934709290696702314e-01,   +5.4152321475196628865301592426589625270724e-70,   +3.5697762238810014652369838390363044915123e-70,   +1.5406875080282376714349694414926716059454e-69,   +3.1325020795549797671060805859022924674497e-70,   +8.0119611745872818381933967248526777438823e-70,   +7.5773043988138833196045684279895897969070e-70,   +1.5510548831922796381847046533920374109084e-69,   +9.1077960672394470733952088599011298252860e-70,   +3.6831988251347789435942678676158779371550e-70,   +3.5342236926721681594413688168144672842332e-70,   +1.0239079167258287314208654822811058391656e-69,   +1.3224762932776177706635195006971559510602e-69,   +3.2953227806797607666446380491668734747629e-70,   +5.4221987503206652359142712243076934393123e-70,   +6.3468915409907934407594593465592471586633e-01,   +2.0996881271188727522355064649126669625446e-70,   +2.1375890162964119244896246639095391564934e-69,   +3.9065382039514618815604824524992291759772e-70,   +6.1864810086374623287099754340731287028577e-70,   +1.4525697240502906851426834124766217355064e-69,   +6.6815434764801322116425844410490718484992e-70,   +3.6163460761526172205273450537102362998197e-70,   +3.4042077269286678325792149053373487688016e-70,   +3.9170113493860163558385382407993976556532e-70,   +7.9725457494888506335088222183372180259627e-70,   +1.4768175538727956264864424131998241930729e-01,   +4.8724961440235560172201421372772181660053e-70,   +7.1896666161795713896652535059855768851410e-70,   +1.0628431074591484916931687999981000231742e-69,   +4.9026760816242224551240476931185897803242e-02,   +5.6253046544973035610341500418230896539888e-70,   +2.9458510969712634130284376741357709226936e-69,   +3.4309111204418909489875586100544213248199e-70,   +3.0853036204494855196393678437489886940463e-70,   +3.7575283062849738694343394340599746868086e-70,   +1.9527778316339517073685558976629335842140e-69}
{   +5.6643676773646336799265566990516455628457e-87}
}
yMat = 
{
{ {   +1.6908350416492460158102073391953062453920e+00,   -2.9085584385163439554554438187960384919394e-01,   +3.9924013145478158739406704592396814672927e-01,   +5.2797456450363866993645334982595023240539e-01 },
  {   -2.9085584385163439554554438187960384919394e-01,   +1.7263689832316987215469451141148250156303e+00,   +3.7559665866781680521272328465446604241165e-01,   +4.9670728633056447930201267281463437258027e-01 },
  {   +3.9924013145478158739406704592396814672927e-01,   +3.7559665866781680521272328465446604241165e-01,   +1.4844413046862930183793897686458537769311e+00,   -6.8179988981179987202527980243423174149853e-01 },
  {   +5.2797456450363866993645334982595023240539e-01,   +4.9670728633056447930201267281463437258027e-01,   -6.8179988981179987202527980243423174149853e-01,   +1.0983546704327622442634577780440149620466e+00 }   }
{ {   +3.0916495835075398418979266080469375460802e-01,   +2.9085584385163439554554438187960384919394e-01,   -3.9924013145478158739406704592396814672927e-01,   -5.2797456450363866993645334982595023240539e-01 },
  {   +2.9085584385163439554554438187960384919394e-01,   +2.7363101676830127845305488588517498436966e-01,   -3.7559665866781680521272328465446604241165e-01,   -4.9670728633056447930201267281463437258027e-01 },
  {   -3.9924013145478158739406704592396814672927e-01,   -3.7559665866781680521272328465446604241165e-01,   +5.1555869531370698162061023135414622306893e-01,   +6.8179988981179987202527980243423174149853e-01 },
  {   -5.2797456450363866993645334982595023240539e-01,   -4.9670728633056447930201267281463437258027e-01,   +6.8179988981179987202527980243423174149853e-01,   +9.0164532956723775573654222195598503795339e-01 }   }
{   +8.3540272222778990150731358433172874592616e-17,   +3.5242812283277598805879127938546758871245e-17,   +2.9860680408381670423297649184952236304721e-17,   +2.6912383036212677839789996684356288511946e-17,   +4.6061669099684227397682660118039665075268e-17,   +4.0653102145268186227331652173763095173834e-17,   +5.2367667567524374920884659474674576420419e-18,   +3.6443205250734382413251303048580478305558e-17,   +3.8511566822951006955608301534703710667794e-17,   +1.4664915604697163441862150610332482144516e-17,   +9.3170091524081976789757306849415469056038e-17,   +3.9323014402506900529813390554809317430315e-17,   +5.3290275243418946011073173273706009478185e-17,   +3.8585929372701153921661982940688998218882e-17,   +1.2059934051057204031872679541215882798329e-17,   +6.4493344482090302094904231273975418205324e-17,   +6.8191257251569216246217159094878113890185e-17,   +1.3438409036294642178385125093171531979874e-85,   +4.1840257429843204307789968591709574263192e-17,   +6.3470282977081707618392472146438692159513e-17,   +1.4706078027760103841365166015019951597041e-17,   +7.2330265500342070861268712939951544978196e-17,   +2.8279556298056678061502299339926512976225e-17,   +2.9901755976710176461075011307404794270083e-17,   +1.4607781423457054860279541603713308737308e-17,   +2.4877007063165352662488802989845187646778e-17,   +6.1515741574525051446919353038277169804508e-17,   +6.4108762431864054528640273915887189688655e-17,   +2.2128426140029067941165737354035530962004e-17,   +1.7132610107742942795315697772410951178192e-17,   +6.8756453365654033634479682670736574552380e-17,   +4.1786499818212283027056447967089689243765e-17,   +3.5698531419872896600756288767555089033670e-86,   +1.0790874328821593454733357061880068742129e-16,   +1.0599544878236174054398728953192036657838e-17,   +5.7998845849096040463391594161022136600520e-17,   +3.6624165948015599238045502575730737334748e-17,   +1.5598198375139815681124416508311041831270e-17,   +3.3910533979484923194210653875927433039139e-17,   +6.2652938165595915938407415943276484042619e-17,   +6.6557250693689239439218212966324252339101e-17,   +5.7843770896936633929726101420861274524479e-17,   +2.8419367440959732059200406976803078413401e-17,   +1.5342091953093154934085816043223512984973e-85,   +4.6500746311004155759335764977396304426601e-17,   +3.1513937876438295267388499589090286950025e-17,   +2.1317794273158419723253733324875359532808e-17,   +4.6214496597850438236520776527568096199864e-85,   +4.0277766451892343926936138609232851740754e-17,   +7.6913156719813515986251733534257706618565e-18,   +6.6039223734074233563922406343143940791924e-17,   +7.3436761812627239922082333656912257005155e-17,   +6.0298868997369502202093502262966810673428e-17,   +1.1602687383285329365213231718721244691594e-17}
{   +3.9999999999999999803884219823946656357804e+00}
}
    main loop time = 0.680000
        total time = 0.690000
  file   read time = 0.010000
