SDPA-QD start at Sat Feb  1 22:40:04 2025
data      is input_sdpa.dat
parameter is ./param.sdpa
out       is output_sdpa.dat
DENSE computation
   mu      thetaP  thetaD  objP      objD      alphaP  alphaD  beta 
 0 1.0e+08 1.0e+00 1.0e+00 -0.00e+00 +1.00e+04 9.0e-01 9.0e-01 3.00e-01
 1 1.5e+07 1.0e-01 1.0e-01 +1.15e+05 -1.34e+04 9.0e-01 9.0e-01 3.00e-01
 2 2.4e+06 1.0e-02 9.9e-03 +1.89e+05 -2.35e+04 9.0e-01 9.1e-01 3.00e-01
 3 3.7e+05 1.0e-03 9.0e-04 +2.88e+05 -3.66e+04 9.0e-01 1.0e+00 3.00e-01
 4 5.7e+04 9.8e-05 8.0e-08 +3.89e+05 -5.84e+04 9.2e-01 1.0e+00 3.00e-01
 5 1.0e+04 8.2e-06 3.4e-64 +1.59e+05 -9.03e+04 1.0e+00 1.0e+00 3.00e-01
 6 2.3e+03 1.7e-64 6.7e-64 +2.50e+04 -1.17e+05 9.7e-01 1.0e+00 1.00e-01
 7 2.3e+02 1.6e-64 3.8e-64 +2.51e+03 -1.17e+04 9.7e-01 1.0e+00 1.00e-01
 8 2.3e+01 1.6e-64 8.7e-65 +2.51e+02 -1.17e+03 9.7e-01 1.0e+00 1.00e-01
 9 2.3e+00 1.6e-64 7.7e-66 +2.52e+01 -1.17e+02 9.6e-01 1.0e+00 1.00e-01
10 2.3e-01 1.6e-64 8.6e-67 +2.68e+00 -1.17e+01 9.4e-01 1.0e+00 1.00e-01
11 2.5e-02 1.6e-64 7.6e-68 +3.71e-01 -1.17e+00 9.5e-01 1.0e+00 1.00e-01
12 2.5e-03 1.6e-64 2.5e-68 +3.92e-02 -1.17e-01 9.5e-01 1.0e+00 1.00e-01
13 2.5e-04 1.6e-64 7.6e-68 +4.24e-03 -1.17e-02 9.5e-01 1.0e+00 1.00e-01
14 2.5e-05 1.6e-64 3.4e-68 +4.27e-04 -1.17e-03 9.5e-01 1.0e+00 1.00e-01
15 2.5e-06 1.6e-64 3.2e-68 +4.29e-05 -1.17e-04 9.5e-01 1.0e+00 1.00e-01
16 2.5e-07 1.6e-64 1.4e-68 +4.30e-06 -1.17e-05 9.5e-01 1.0e+00 1.00e-01
17 2.6e-08 1.6e-64 8.1e-68 +4.36e-07 -1.17e-06 9.4e-01 1.0e+00 1.00e-01
18 2.6e-09 1.6e-64 2.8e-65 +4.90e-08 -1.18e-07 8.6e-01 9.9e-01 1.00e-01
19 3.9e-10 1.6e-64 3.6e-62 +9.38e-09 -1.52e-08 8.0e-01 8.6e-01 1.00e-01
20 9.6e-11 1.6e-64 1.7e-60 +1.86e-09 -4.19e-09 9.3e-01 9.7e-01 1.00e-01
21 1.3e-11 1.6e-64 9.1e-61 +2.42e-10 -5.76e-10 9.4e-01 9.9e-01 1.00e-01
22 1.6e-12 1.6e-64 8.7e-61 +2.64e-11 -7.34e-11 9.4e-01 1.0e+00 1.00e-01
23 1.7e-13 1.6e-64 3.1e-60 +2.86e-12 -7.54e-12 9.4e-01 1.0e+00 1.00e-01
24 1.7e-14 1.6e-64 2.5e-59 +3.00e-13 -7.55e-13 9.4e-01 1.0e+00 1.00e-01
25 1.7e-15 1.6e-64 1.6e-58 +3.08e-14 -7.56e-14 9.4e-01 1.0e+00 1.00e-01
26 1.7e-16 1.6e-64 1.3e-57 +3.16e-15 -7.56e-15 9.3e-01 1.0e+00 1.00e-01
27 1.8e-17 1.6e-64 1.5e-56 +3.71e-16 -7.55e-16 8.5e-01 1.0e+00 1.00e-01
28 2.6e-18 1.6e-64 2.9e-54 +8.86e-17 -7.38e-17 8.4e-01 6.9e-01 1.00e-01
29 8.7e-19 1.6e-64 5.0e-52 +5.08e-17 -3.99e-18 5.5e-01 8.6e-01 1.00e-01
30 3.9e-19 1.6e-64 3.7e-50 +2.95e-17 +5.17e-18 6.2e-01 7.5e-01 1.00e-01
31 1.6e-19 1.6e-64 9.4e-50 +1.98e-17 +9.87e-18 7.1e-01 9.0e-01 1.00e-01
32 5.0e-20 1.6e-64 4.8e-50 +1.51e-17 +1.19e-17 9.4e-01 8.9e-01 1.00e-01
33 8.1e-21 1.6e-64 7.3e-50 +1.30e-17 +1.25e-17 9.7e-01 9.3e-01 1.00e-01
34 1.1e-21 1.6e-64 1.1e-49 +1.27e-17 +1.26e-17 1.0e+00 9.3e-01 1.00e-01
35 1.2e-22 1.6e-64 6.5e-50 +1.26e-17 +1.26e-17 1.0e+00 9.4e-01 1.00e-01
36 1.3e-23 1.6e-64 1.3e-49 +1.26e-17 +1.26e-17 1.0e+00 9.4e-01 1.00e-01
37 1.3e-24 1.6e-64 8.6e-50 +1.26e-17 +1.26e-17 1.0e+00 9.4e-01 1.00e-01
38 1.3e-25 1.6e-64 5.9e-50 +1.26e-17 +1.26e-17 1.0e+00 9.4e-01 1.00e-01
39 1.3e-26 1.6e-64 1.7e-49 +1.26e-17 +1.26e-17 1.0e+00 9.4e-01 1.00e-01
40 1.3e-27 1.6e-64 1.0e-49 +1.26e-17 +1.26e-17 1.0e+00 9.4e-01 1.00e-01

phase.value = pdOPT     
   Iteration = 40
          mu = 1.3314798844000322e-27
relative gap = 8.3883232717202027e-26
         gap = 8.3883232717202027e-26
      digits = 8.1768004945796857e+00
objValPrimal = 1.2603049880355023e-17
objValDual   = 1.2603049796471790e-17
p.feas.error = 1.5774664771145990e-60
d.feas.error = 2.0627293422110474e-45
relative eps = 1.2154326714572501e-63
total time   = 0.510


Parameters are
maxIteration =    200
epsilonStar  = 1.000e-25
lambdaStar   = 1.000e+04
omegaStar    = 2.000e+00
lowerBound   = -1.000e+05
upperBound   = 1.000e+05
betaStar     = 1.000e-01
betaBar      = 3.000e-01
gammaStar    = 9.000e-01
epsilonDash  = 1.000e-25

                         Time(sec)  Ratio(% : MainLoop) 
 Predictor time  =       0.370000,  74.000000
 Corrector time  =       0.030000,  6.000000
 Make bMat time  =       0.160000,  32.000000
 Make bDia time  =       0.010000,  2.000000
 Make bF1  time  =       0.150000,  30.000000
 Make bF2  time  =       0.000000,  0.000000
 Make bF3  time  =       0.000000,  0.000000
 Make bPRE time  =       0.070000,  14.000000
 Make rMat time  =       0.000000,  0.000000
 Make gVec Mul   =       0.000000,  0.000000
 Make gVec time  =       0.000000,  0.000000
 Cholesky bMat   =       0.200000,  40.000000
 Ste Pre time    =       0.000000,  0.000000
 Ste Cor time    =       0.070000,  14.000000
 solve           =       0.040000,  8.000000
 sumDz           =       0.000000,  0.000000
 makedX          =       0.000000,  0.000000
 symmetriseDx    =       0.000000,  0.000000
 makedXdZ        =       0.000000,  0.000000
 xMatTime        =       0.000000,  0.000000
 zMatTime        =       0.030000,  6.000000
 invzMatTime     =       0.000000,  0.000000
 xMatzMatTime    =       0.000000,  0.000000
 EigxMatTime     =       0.020000,  4.000000
 EigzMatTime     =       0.040000,  8.000000
 EigxMatzMatTime =       0.000000,  0.000000
 updateRes       =       0.000000,  0.000000
 EigTime         =       0.060000,  12.000000
 sub_total_bMat  =       0.340000,  68.000000
 Main Loop       =       0.500000,  100.000000
 File Check      =       0.000000,  0.000000
 File Change     =       0.000000,  0.000000
 File Read       =       0.010000,  2.000000
 Total           =       0.510000,  102.000000

xVec = 
{9.74105446637819366330546503419727241515456422913991032567364594e-19,8.62146102126590215811689746522793422594967100684857452485665688e-19,1.62440401259870845194886276915294422522290388801491949668283059e-18,2.84086937881439321226184344349952068338900987196244261406799452e-18,9.16417597438804438541447212404679405813186116947829777996161707e-19,-1.25791128257155245401858026363313327866163921123187237678952795e-18,-1.66352226707255193575134786477419677688877796522410626853952674e-18,-1.18341606648239127929135780375525041252632208262282830409916859e-18,-1.56500621711614731895632984283298353197237994962736734756528172e-18,2.14818984631765485027476129831514281168320170954200912126250045e-18,1.28231111482267149133429508414238421947277241843490738612942011e-11,3.03961321055945934718844658879375466709420851731737048362615662e-11,3.58748119674910328383968901105321360357077636425200983343008054e-11,3.98049177929288527937348265355731812802052886138965173566674462e-11,2.32567880934251236465766949589644497959429891753173563369003122e-11,2.63509002608569461974416477654527121137082844285793393533575328e-11,2.04562944495103170935421603699950786619427882007331770917997788e-10,2.93949478586267661955925824930281209540485849877801072955578046e-11,2.78162213745228540073585237423608737940908649209651472949256792e-11,7.30482660863408595169425695128583117558451194660486341246718522e-11,1.14977465944482649196209785725367229707882861558789782809147578e-11,2.72422166206574457369396797646670357747322188633552474542004137e-11,2.01020920418216873386746900931939601010724538894720033777179202e-11,2.77626184009109990753012555409264530902829885273647404268881887e-11,8.88268654622012478937579384525125216803227240397702074790492232e-11,1.66101830820241809611261648288361610255218586792326890283713381e-11,1.57094402012552871093853445225375433705353832094484065772555342e-11,1.68602328969867153066762496811611838791304007048306930796680221e-01,2.56032458557745171514054004382645479515284074394950134126865534e-11,1.68779220631649410216539602299691463877250570780818803309438084e-11,7.28437600290362135070656617519629476379886280646957931813529963e-11,1.48104864023604300333029301208187860828044276419150845938751515e-11,3.78805862303365261083973033249460991695303763356635836681228529e-11,3.58254783169318389872597957439105368607147616580010999297694985e-11,7.33339079314468436743676155400497475756613751737776125810029725e-11,4.30616960976023719082094657954603582601890861621027307546605727e-11,1.74141845054840347661490453975431328458188661253108712235148454e-11,1.67098210212401898787672541154628533143336753680772035930866456e-11,4.84103784790624934208369782790402833829759198822515426912026178e-11,6.25266248626094366923599659064691674993471062567648615771017257e-11,1.55803023229351749525414122560055281651724444198394820876660258e-11,2.56361550814165952034591596619306897380605611306645383650679150e-11,6.34689153287817744492444972132780231664589753890061727871423522e-01,9.92733606138529886324164539791877536007580823528800355202492325e-12,1.01065051601817563695372430155456406488563965339758050666612901e-10,1.84701289491864861864656841079817035597659570549619632435040949e-11,2.92497093385493646320686473648107466683330017749139703809959638e-11,6.86775359564089795301467404008012591888678179754211794901063800e-11,3.15903629523881113438633536417128982739321064132290412283515476e-11,1.70981025565899329886039251837282584328648748739386159505429923e-11,1.60951111743166360721914730257363784579569932071806195218830750e-11,1.85196468355042293916472802268583479245065919275375179112220491e-11,3.76942267788981511888611151579886552867301918330110322746362435e-11,1.47681755002283728055606786432327992275991818720847233131701505e-01,2.30371826544055866968578744846151645866416956969012987933695030e-11,3.39927790973491279774948204568223087316993296578997718933121501e-11,5.02512682329472119227654128118341914846997279688923576016467099e-11,4.90267607599904871034082716013656744008430441228393239155542360e-02,2.65964678121456817178520057534594372682254404477642509806388826e-11,1.39279674877081930484098852853696191191974765493609416513512179e-10,1.62213665929233283792017110934891109773949285504680344292200696e-11,1.45873291182466803309605511048375455093618459919856588789130347e-11,1.77656126994504004924166902107527443592296273242861998423992957e-11,9.23272412063451360027173951730897484616450907118044297097448938e-11}
xMat = 
{
{ {+9.741054466378e-19,+9.164175974388e-19,-1.257911282572e-18,-1.663522267073e-18 },
  {+9.164175974388e-19,+8.621461021266e-19,-1.183416066482e-18,-1.565006217116e-18 },
  {-1.257911282572e-18,-1.183416066482e-18,+1.624404012599e-18,+2.148189846318e-18 },
  {-1.663522267073e-18,-1.565006217116e-18,+2.148189846318e-18,+2.840869378814e-18 }   }
{ {+1.252192477435e-18,-1.588180838864e-18,-1.362204469334e-19,-3.866270288417e-20 },
  {-1.588180838864e-18,+2.907810238560e-18,+8.030793583333e-19,+6.462875800450e-20 },
  {-1.362204469334e-19,+8.030793583333e-19,+1.528681481039e-18,-7.933060549754e-19 },
  {-3.866270288417e-20,+6.462875800450e-20,-7.933060549754e-19,+6.128407426044e-19 }   }
{+1.282311114823e-11,+3.039613210559e-11,+3.587481196749e-11,+3.980491779293e-11,+2.325678809343e-11,+2.635090026086e-11,+2.045629444951e-10,+2.939494785863e-11,+2.781622137452e-11,+7.304826608634e-11,+1.149774659445e-11,+2.724221662066e-11,+2.010209204182e-11,+2.776261840091e-11,+8.882686546220e-11,+1.661018308202e-11,+1.570944020126e-11,+1.686023289699e-01,+2.560324585577e-11,+1.687792206316e-11,+7.284376002904e-11,+1.481048640236e-11,+3.788058623034e-11,+3.582547831693e-11,+7.333390793145e-11,+4.306169609760e-11,+1.741418450548e-11,+1.670982102124e-11,+4.841037847906e-11,+6.252662486261e-11,+1.558030232294e-11,+2.563615508142e-11,+6.346891532878e-01,+9.927336061385e-12,+1.010650516018e-10,+1.847012894919e-11,+2.924970933855e-11,+6.867753595641e-11,+3.159036295239e-11,+1.709810255659e-11,+1.609511117432e-11,+1.851964683550e-11,+3.769422677890e-11,+1.476817550023e-01,+2.303718265441e-11,+3.399277909735e-11,+5.025126823295e-11,+4.902676075999e-02,+2.659646781215e-11,+1.392796748771e-10,+1.622136659292e-11,+1.458732911825e-11,+1.776561269945e-11,+9.232724120635e-11}
{+2.678118983766e-28}
}
yMat = 
{
{ {+1.690835036559e+00,-2.908558460018e-01,+3.992401299901e-01,+5.279745611584e-01 },
  {-2.908558460018e-01,+1.726368981369e+00,+3.755966580096e-01,+4.967072842726e-01 },
  {+3.992401299901e-01,+3.755966580096e-01,+1.484441303448e+00,-6.817998897249e-01 },
  {+5.279745611584e-01,+4.967072842726e-01,-6.817998897249e-01,+1.098354667765e+00 }   }
{ {+3.091649634415e-01,+2.908558460018e-01,-3.992401299901e-01,-5.279745611584e-01 },
  {+2.908558460018e-01,+2.736310186314e-01,-3.755966580096e-01,-4.967072842726e-01 },
  {-3.992401299901e-01,-3.755966580096e-01,+5.155586965518e-01,+6.817998897249e-01 },
  {-5.279745611584e-01,-4.967072842726e-01,+6.817998897249e-01,+9.016453322349e-01 }   }
{+8.354027213878e-17,+3.524281199651e-17,+2.986068038558e-17,+2.691238277346e-17,+4.606166912770e-17,+4.065310190881e-17,+5.236766787459e-18,+3.644320524797e-17,+3.851156683417e-17,+1.466491566610e-17,+9.317009118902e-17,+3.932301425549e-17,+5.329027518563e-17,+3.858592927903e-17,+1.205993397604e-17,+6.449334422512e-17,+6.819125723478e-17,+1.904373631854e-26,+4.184025747245e-17,+6.347028297117e-17,+1.470607804079e-17,+7.233026550702e-17,+2.827955634251e-17,+2.990175565226e-17,+1.460778137615e-17,+2.487700705468e-17,+6.151574160621e-17,+6.410876230645e-17,+2.212842603302e-17,+1.713260987694e-17,+6.875645325778e-17,+4.178649949118e-17,+4.999456672072e-27,+1.079087431298e-16,+1.059954466423e-17,+5.799884570972e-17,+3.662416592768e-17,+1.559819838315e-17,+3.391053382900e-17,+6.265293796015e-17,+6.655725069408e-17,+5.784377083553e-17,+2.841936745395e-17,+2.106433262101e-26,+4.650074629985e-17,+3.151393781923e-17,+2.131779427996e-17,+6.289008281662e-26,+4.027776650327e-17,+7.691315554951e-18,+6.603922370283e-17,+7.343676177413e-17,+6.029886900526e-17,+1.160268722238e-17}
{+3.999999999019e+00}
}
    main loop time = 0.500000
        total time = 0.510000
  file   read time = 0.010000
