SDPA-DD start at Fri Mar  8 00:45:43 2024
data      is input_sdpa.dat
out       is output_sdpa.dat
DENSE computation
   mu      thetaP  thetaD  objP      objD      alphaP  alphaD  beta 
 0 1.0e+04 1.0e+00 1.0e+00 -0.00e+00 -8.00e-12 1.0e+00 5.0e-01 4.00e-01
 1 9.0e+03 3.2e-32 5.0e-01 +3.59e+02 -4.00e-12 1.0e+00 5.0e-01 4.00e-01
 2 8.0e+03 3.2e-32 2.5e-01 +6.42e+02 -2.00e-12 1.0e+00 5.1e-01 4.00e-01
 3 7.1e+03 6.3e-32 1.2e-01 +1.14e+03 -1.00e-12 1.0e+00 5.1e-01 4.00e-01
 4 6.2e+03 2.3e-43 6.0e-02 +2.00e+03 -5.00e-13 5.2e-01 5.2e-01 4.00e-01
 5 4.3e+03 1.3e-31 2.9e-02 +2.73e+03 -2.50e-13 1.0e+00 5.4e-01 4.00e-01
 6 3.4e+03 2.5e-31 1.3e-02 +4.41e+03 -1.25e-13 1.0e+00 6.0e-01 4.00e-01
 7 2.5e+03 2.5e-31 5.3e-03 +6.35e+03 -6.25e-14 1.0e+00 7.4e-01 4.00e-01
 8 1.4e+03 5.0e-31 1.4e-03 +7.21e+03 -3.13e-14 1.0e+00 1.0e+00 4.00e-01
 9 6.1e+02 6.3e-32 6.2e-35 +4.86e+03 -2.00e-14 8.3e-01 5.0e+01 4.00e-01
10 3.0e+02 2.5e-31 3.0e-33 +2.43e+03 -2.00e-14 8.3e-01 8.3e-01 4.00e-01
11 1.5e+02 1.3e-31 4.9e-34 +1.21e+03 -2.00e-14 8.3e-01 8.3e-01 4.00e-01
12 7.6e+01 7.9e-32 7.7e-35 +6.07e+02 -2.00e-14 8.3e-01 5.0e+01 4.00e-01
13 3.8e+01 1.6e-32 3.0e-33 +3.04e+02 -2.00e-14 8.3e-01 8.3e-01 4.00e-01
14 1.9e+01 1.6e-32 5.3e-34 +1.52e+02 -2.00e-14 8.3e-01 5.0e+01 4.00e-01
15 9.5e+00 3.9e-33 2.5e-32 +7.59e+01 -2.00e-14 8.3e-01 1.0e+00 4.00e-01
16 4.7e+00 5.9e-33 3.1e-35 +3.79e+01 -2.00e-14 6.2e-01 5.0e+01 2.00e-01
17 2.4e+00 5.9e-33 6.9e-33 +1.90e+01 -2.00e-14 8.3e-01 1.0e+00 4.00e-01
18 1.2e+00 5.4e-33 2.3e-35 +9.48e+00 -2.00e-14 6.2e-01 5.0e+01 2.00e-01
19 5.9e-01 5.4e-33 5.4e-33 +4.74e+00 -1.99e-14 8.3e-01 1.0e+00 4.00e-01
20 3.0e-01 5.5e-33 2.3e-35 +2.37e+00 -2.00e-14 6.2e-01 5.0e+01 2.00e-01
21 1.5e-01 5.5e-33 4.6e-33 +1.19e+00 -1.95e-14 6.2e-01 6.2e-01 2.00e-01
22 7.4e-02 5.5e-33 1.8e-33 +5.93e-01 -1.96e-14 6.2e-01 6.2e-01 2.00e-01
23 3.7e-02 5.5e-33 7.4e-34 +2.96e-01 -1.96e-14 6.2e-01 5.0e+01 2.00e-01
24 1.9e-02 5.5e-33 3.7e-32 +1.48e-01 -1.78e-14 8.3e-01 1.0e+00 4.00e-01
25 9.3e-03 5.5e-33 4.6e-35 +7.41e-02 -1.90e-14 6.2e-01 5.0e+01 2.00e-01
26 4.6e-03 5.5e-33 1.6e-33 +3.70e-02 -5.58e-15 6.2e-01 6.2e-01 2.00e-01
27 2.3e-03 5.5e-33 6.5e-34 +1.85e-02 -6.80e-15 6.2e-01 6.2e-01 2.00e-01
28 1.2e-03 5.5e-33 2.2e-34 +9.26e-03 -7.29e-15 6.2e-01 5.0e+01 2.00e-01
29 5.8e-04 5.5e-33 9.6e-33 +4.63e-03 +5.22e-14 8.3e-01 1.0e+00 4.00e-01
30 2.9e-04 5.5e-33 1.9e-34 +2.32e-03 +1.20e-14 6.2e-01 5.0e+01 2.00e-01
31 1.4e-04 5.5e-33 9.7e-33 +1.16e-03 +4.39e-13 8.3e-01 1.0e+00 4.00e-01
32 7.2e-05 5.5e-33 4.6e-35 +5.79e-04 +1.69e-13 6.2e-01 5.0e+01 2.00e-01
33 3.6e-05 5.5e-33 7.0e-33 +2.89e-04 +1.27e-12 8.3e-01 1.0e+00 4.00e-01
34 1.8e-05 5.5e-33 1.2e-34 +1.45e-04 +5.38e-13 6.2e-01 5.0e+01 2.00e-01
35 9.0e-06 5.5e-33 7.6e-33 +7.24e-05 +6.90e-12 8.3e-01 1.0e+00 4.00e-01
36 4.5e-06 5.5e-33 1.1e-34 +3.62e-05 +2.85e-12 6.2e-01 5.0e+01 2.00e-01
37 2.3e-06 5.5e-33 5.5e-33 +1.81e-05 +2.19e-11 8.3e-01 1.0e+00 4.00e-01
38 1.1e-06 5.5e-33 4.6e-35 +9.05e-06 +9.40e-12 6.2e-01 5.0e+01 2.00e-01
39 5.7e-07 5.5e-33 3.5e-33 +4.53e-06 +1.06e-10 6.2e-01 6.2e-01 2.00e-01
40 2.8e-07 5.5e-33 1.3e-33 +2.27e-06 +9.77e-11 6.2e-01 6.2e-01 2.00e-01
41 1.4e-07 5.5e-33 4.9e-34 +1.14e-06 +9.51e-11 6.2e-01 5.0e+01 2.00e-01
42 7.1e-08 5.5e-33 1.7e-32 +5.72e-07 +6.63e-10 8.2e-01 1.0e+00 4.00e-01
43 3.6e-08 5.5e-33 6.2e-35 +2.89e-07 +2.87e-10 6.1e-01 2.0e+01 2.00e-01
44 1.8e-08 5.5e-33 2.8e-33 +1.47e-07 +1.49e-09 6.1e-01 6.1e-01 2.00e-01
45 9.3e-09 5.5e-33 1.0e-33 +7.58e-08 +1.41e-09 6.0e-01 1.2e+01 2.00e-01
46 4.7e-09 5.5e-33 1.2e-32 +4.01e-08 +2.10e-09 7.5e-01 1.0e+00 4.00e-01
47 2.6e-09 5.5e-33 4.6e-35 +2.24e-08 +1.33e-09 5.8e-01 1.1e+00 2.00e-01
48 1.4e-09 5.5e-33 3.9e-35 +1.31e-08 +2.09e-09 5.8e-01 9.5e-01 2.00e-01
49 7.1e-10 5.5e-33 1.7e-34 +8.25e-09 +2.55e-09 5.7e-01 9.7e-01 2.00e-01
50 3.7e-10 5.5e-33 6.2e-35 +5.81e-09 +2.83e-09 5.8e-01 1.0e+00 2.00e-01
51 1.9e-10 5.5e-33 4.6e-35 +4.53e-09 +3.00e-09 5.6e-01 9.3e-01 2.00e-01
52 1.0e-10 5.5e-33 4.6e-35 +3.90e-09 +3.09e-09 5.6e-01 1.0e+00 2.00e-01
53 5.2e-11 5.5e-33 9.3e-35 +3.57e-09 +3.16e-09 5.8e-01 9.0e-01 2.00e-01
54 2.7e-11 5.5e-33 6.2e-35 +3.40e-09 +3.19e-09 5.8e-01 9.0e-01 2.00e-01
55 1.3e-11 5.5e-33 3.1e-35 +3.31e-09 +3.21e-09 5.7e-01 9.3e-01 2.00e-01
56 6.8e-12 5.5e-33 3.1e-35 +3.27e-09 +3.22e-09 5.7e-01 9.3e-01 2.00e-01
57 3.4e-12 5.5e-33 9.3e-35 +3.25e-09 +3.22e-09 5.7e-01 9.4e-01 2.00e-01
58 1.7e-12 5.5e-33 9.7e-35 +3.24e-09 +3.22e-09 5.7e-01 9.5e-01 2.00e-01
59 8.7e-13 5.5e-33 1.0e-34 +3.23e-09 +3.23e-09 5.7e-01 9.6e-01 2.00e-01
60 4.4e-13 5.5e-33 3.1e-35 +3.23e-09 +3.23e-09 5.7e-01 9.7e-01 2.00e-01
61 2.2e-13 5.5e-33 8.9e-35 +3.23e-09 +3.23e-09 5.7e-01 9.8e-01 2.00e-01
62 1.1e-13 5.5e-33 9.3e-35 +3.23e-09 +3.23e-09 5.7e-01 9.8e-01 2.00e-01
63 5.6e-14 5.5e-33 4.2e-35 +3.23e-09 +3.23e-09 5.7e-01 9.9e-01 2.00e-01
64 2.8e-14 5.5e-33 8.5e-35 +3.23e-09 +3.23e-09 5.7e-01 9.9e-01 2.00e-01
65 1.4e-14 5.5e-33 9.3e-35 +3.23e-09 +3.23e-09 5.7e-01 1.0e+00 2.00e-01
66 7.1e-15 5.5e-33 6.2e-35 +3.23e-09 +3.23e-09 5.7e-01 1.0e+00 2.00e-01
67 3.6e-15 5.5e-33 8.1e-35 +3.23e-09 +3.23e-09 5.7e-01 1.0e+00 2.00e-01
68 1.8e-15 5.5e-33 6.2e-35 +3.23e-09 +3.23e-09 5.7e-01 1.0e+00 2.00e-01
69 9.0e-16 5.5e-33 6.2e-35 +3.23e-09 +3.23e-09 5.7e-01 1.0e+00 2.00e-01
70 4.5e-16 5.5e-33 1.2e-34 +3.23e-09 +3.23e-09 5.7e-01 1.0e+00 2.00e-01
71 2.2e-16 5.5e-33 1.5e-34 +3.23e-09 +3.23e-09 5.7e-01 1.0e+00 2.00e-01
72 1.1e-16 5.5e-33 7.7e-35 +3.23e-09 +3.23e-09 5.7e-01 1.0e+00 2.00e-01
73 5.6e-17 5.5e-33 1.1e-34 +3.23e-09 +3.23e-09 5.7e-01 1.0e+00 2.00e-01
74 2.8e-17 5.5e-33 7.7e-35 +3.23e-09 +3.23e-09 5.7e-01 1.0e+00 2.00e-01
75 1.4e-17 5.5e-33 9.3e-35 +3.23e-09 +3.23e-09 5.7e-01 1.0e+00 2.00e-01
76 7.1e-18 5.5e-33 7.7e-35 +3.23e-09 +3.23e-09 5.7e-01 1.0e+00 2.00e-01
77 3.5e-18 5.5e-33 3.1e-35 +3.23e-09 +3.23e-09 5.7e-01 1.0e+00 2.00e-01
78 1.8e-18 5.5e-33 6.2e-35 +3.23e-09 +3.23e-09 5.7e-01 1.0e+00 2.00e-01
79 8.9e-19 5.5e-33 4.2e-35 +3.23e-09 +3.23e-09 5.7e-01 1.0e+00 2.00e-01
80 4.4e-19 5.5e-33 9.3e-35 +3.23e-09 +3.23e-09 5.7e-01 1.0e+00 2.00e-01
81 2.2e-19 5.5e-33 6.2e-35 +3.23e-09 +3.23e-09 5.7e-01 1.0e+00 2.00e-01
82 1.1e-19 5.5e-33 6.0e-35 +3.23e-09 +3.23e-09 5.7e-01 1.0e+00 2.00e-01
83 5.5e-20 5.5e-33 9.7e-35 +3.23e-09 +3.23e-09 5.7e-01 1.0e+00 2.00e-01
84 2.8e-20 5.5e-33 9.3e-35 +3.23e-09 +3.23e-09 5.7e-01 1.0e+00 2.00e-01
85 1.4e-20 5.5e-33 1.7e-34 +3.23e-09 +3.23e-09 5.7e-01 1.0e+00 2.00e-01
86 6.9e-21 5.5e-33 1.2e-34 +3.23e-09 +3.23e-09 5.7e-01 1.0e+00 2.00e-01
87 3.5e-21 5.5e-33 4.6e-35 +3.23e-09 +3.23e-09 5.7e-01 1.0e+00 2.00e-01
88 1.7e-21 5.5e-33 8.5e-35 +3.23e-09 +3.23e-09 5.7e-01 1.0e+00 2.00e-01
89 8.7e-22 5.5e-33 6.6e-35 +3.23e-09 +3.23e-09 5.7e-01 1.0e+00 2.00e-01
90 4.3e-22 5.5e-33 7.7e-35 +3.23e-09 +3.23e-09 5.7e-01 1.0e+00 2.00e-01
91 2.2e-22 5.5e-33 6.2e-35 +3.23e-09 +3.23e-09 5.7e-01 1.0e+00 2.00e-01
92 1.1e-22 5.5e-33 1.3e-34 +3.23e-09 +3.23e-09 5.7e-01 1.0e+00 2.00e-01
93 5.4e-23 5.5e-33 1.4e-34 +3.23e-09 +3.23e-09 5.7e-01 1.0e+00 2.00e-01
94 2.7e-23 5.5e-33 3.1e-35 +3.23e-09 +3.23e-09 5.7e-01 1.0e+00 2.00e-01
95 1.4e-23 5.5e-33 5.8e-35 +3.23e-09 +3.23e-09 5.7e-01 1.0e+00 2.00e-01
96 6.8e-24 5.5e-33 7.7e-35 +3.23e-09 +3.23e-09 5.7e-01 1.0e+00 2.00e-01
97 3.4e-24 5.5e-33 1.5e-34 +3.23e-09 +3.23e-09 5.7e-01 1.0e+00 2.00e-01
98 1.7e-24 5.5e-33 9.3e-35 +3.23e-09 +3.23e-09 5.7e-01 1.0e+00 2.00e-01
99 8.5e-25 5.5e-33 7.7e-35 +3.23e-09 +3.23e-09 5.7e-01 1.0e+00 2.00e-01
100 4.2e-25 5.5e-33 6.2e-35 +3.23e-09 +3.23e-09 5.7e-01 1.0e+00 2.00e-01
101 2.1e-25 5.5e-33 1.2e-34 +3.23e-09 +3.23e-09 5.7e-01 1.0e+00 2.00e-01
102 1.1e-25 5.5e-33 1.4e-34 +3.23e-09 +3.23e-09 5.7e-01 1.0e+00 2.00e-01
103 5.3e-26 5.5e-33 1.1e-34 +3.23e-09 +3.23e-09 5.7e-01 1.0e+00 2.00e-01
104 2.6e-26 5.5e-33 7.0e-35 +3.23e-09 +3.23e-09 5.7e-01 1.0e+00 2.00e-01
105 1.3e-26 5.5e-33 5.6e-35 +3.23e-09 +3.23e-09 5.7e-01 1.0e+00 2.00e-01
106 6.6e-27 5.5e-33 3.9e-35 +3.23e-09 +3.23e-09 5.7e-01 1.0e+00 2.00e-01
107 3.3e-27 5.5e-33 9.1e-35 +3.23e-09 +3.23e-09 5.7e-01 1.0e+00 2.00e-01
108 1.7e-27 5.5e-33 1.1e-34 +3.23e-09 +3.23e-09 5.7e-01 1.0e+00 2.00e-01
109 8.3e-28 5.5e-33 1.2e-34 +3.23e-09 +3.23e-09 5.7e-01 1.0e+00 2.00e-01
110 4.1e-28 5.5e-33 6.2e-35 +3.23e-09 +3.23e-09 5.7e-01 1.0e+00 2.00e-01
111 2.1e-28 5.5e-33 7.7e-35 +3.23e-09 +3.23e-09 5.7e-01 1.0e+00 2.00e-01
112 1.0e-28 5.5e-33 1.1e-34 +3.23e-09 +3.23e-09 5.7e-01 1.0e+00 2.00e-01
113 5.2e-29 5.5e-33 4.6e-35 +3.23e-09 +3.23e-09 5.7e-01 1.0e+00 2.00e-01
114 2.6e-29 5.5e-33 7.7e-35 +3.23e-09 +3.23e-09 5.7e-01 1.0e+00 2.00e-01
115 1.3e-29 5.5e-33 3.1e-35 +3.23e-09 +3.23e-09 5.7e-01 1.0e+00 2.00e-01
116 6.5e-30 5.5e-33 7.5e-35 +3.23e-09 +3.23e-09 5.7e-01 1.0e+00 2.00e-01
117 3.2e-30 5.5e-33 6.5e-35 +3.23e-09 +3.23e-09 5.7e-01 1.0e+00 2.00e-01
118 1.6e-30 5.5e-33 9.3e-35 +3.23e-09 +3.23e-09 5.7e-01 1.0e+00 2.00e-01
119 8.1e-31 5.5e-33 7.0e-35 +3.23e-09 +3.23e-09 5.7e-01 1.0e+00 2.00e-01
120 4.0e-31 5.5e-33 1.1e-34 +3.23e-09 +3.23e-09 5.7e-01 1.0e+00 2.00e-01
121 2.0e-31 5.5e-33 1.1e-34 +3.23e-09 +3.23e-09 5.7e-01 1.0e+00 2.00e-01
122 1.0e-31 5.5e-33 7.7e-35 +3.23e-09 +3.23e-09 5.7e-01 1.0e+00 2.00e-01
123 5.0e-32 5.5e-33 6.2e-35 +3.23e-09 +3.23e-09 5.7e-01 1.0e+00 2.00e-01

phase.value = pdOPT     
   Iteration = 123
          mu = 5.0486372207606027e-32
relative gap = 5.9692623450076949e-31
         gap = 4.0389097766084821e-31
      digits = 2.1732929279218503e+01
objValPrimal = 3.2273788267063558e-09
objValDual   = 3.2273788267063558e-09
p.feas.error = 5.5319380320245308e-31
d.feas.error = 1.2325951644078309e-32
relative eps = 4.9303806576313200e-32
total time   = 0.000


Parameters are
maxIteration =    1000
epsilonStar  = 1.000e-30
lambdaStar   = 1.000e+02
omegaStar    = 2.000e+00
lowerBound   = -1.000e+05
upperBound   = 1.000e+05
betaStar     = 2.000e-01
betaBar      = 4.000e-01
gammaStar    = 5.000e-01
epsilonDash  = 1.000e-30

                         Time(sec)  Ratio(% : MainLoop) 
 Predictor time  =       0.000000,  -nan
 Corrector time  =       0.000000,  -nan
 Make bMat time  =       0.000000,  -nan
 Make bDia time  =       0.000000,  -nan
 Make bF1  time  =       0.000000,  -nan
 Make bF2  time  =       0.000000,  -nan
 Make bF3  time  =       0.000000,  -nan
 Make bPRE time  =       0.000000,  -nan
 Make rMat time  =       0.000000,  -nan
 Make gVec Mul   =       0.000000,  -nan
 Make gVec time  =       0.000000,  -nan
 Cholesky bMat   =       0.000000,  -nan
 Ste Pre time    =       0.000000,  -nan
 Ste Cor time    =       0.000000,  -nan
 solve           =       0.000000,  -nan
 sumDz           =       0.000000,  -nan
 makedX          =       0.000000,  -nan
 symmetriseDx    =       0.000000,  -nan
 makedXdZ        =       0.000000,  -nan
 xMatTime        =       0.000000,  -nan
 zMatTime        =       0.000000,  -nan
 invzMatTime     =       0.000000,  -nan
 xMatzMatTime    =       0.000000,  -nan
 EigxMatTime     =       0.000000,  -nan
 EigzMatTime     =       0.000000,  -nan
 EigxMatzMatTime =       0.000000,  -nan
 updateRes       =       0.000000,  -nan
 EigTime         =       0.000000,  -nan
 sub_total_bMat  =       0.000000,  -nan
 Main Loop       =       0.000000,  -nan
 File Check      =       0.000000,  -nan
 File Change     =       0.000000,  -nan
 File Read       =       0.000000,  -nan
 Total           =       0.000000,  -nan

xVec = 
{+9.068685271103e-10,+5.543017670755e-10,+1.636766259184e-09,+3.356821100043e-09,+2.943894242020e-10,-2.800155724123e-10,+2.861787373668e-10,+5.111575791257e-10,-1.055087606795e-09,-2.142050176825e-09}
xMat = 
{
{ {+9.068685271103e-10,+2.943894242020e-10,-2.800155724123e-10,+2.861787373668e-10 },
  {+2.943894242020e-10,+5.543017670755e-10,+5.111575791257e-10,-1.055087606795e-09 },
  {-2.800155724123e-10,+5.111575791257e-10,+1.636766259184e-09,-2.142050176825e-09 },
  {+2.861787373668e-10,-1.055087606795e-09,-2.142050176825e-09,+3.356821100043e-09 }   }
{ {+5.383022760564e-10,-1.399841183851e-09,-6.465840975529e-10,-8.984754447307e-10 },
  {-1.399841183851e-09,+3.640250890934e-09,+1.681425267619e-09,+2.336462218639e-09 },
  {-6.465840975529e-10,+1.681425267619e-09,+7.766472738534e-10,+1.079207650506e-09 },
  {-8.984754447307e-10,+2.336462218639e-09,+1.079207650506e-09,+1.499637212568e-09 }   }
}
yMat = 
{
{ {+4.169758442894e-02,-1.084334927550e-01,-5.008523314379e-02,-6.959705983123e-02 },
  {-1.084334927550e-01,+2.819785009628e-01,+1.302453568859e-01,+1.809853588962e-01 },
  {-5.008523314379e-02,+1.302453568859e-01,+6.016009352636e-02,+8.359680819665e-02 },
  {-6.959705983123e-02,+1.809853588962e-01,+8.359680819665e-02,+1.161638210819e-01 }   }
{ {+4.583024155711e-01,+1.084334927550e-01,+5.008523314379e-02,+6.959705983123e-02 },
  {+1.084334927550e-01,+2.180214990372e-01,-1.302453568859e-01,-1.809853588962e-01 },
  {+5.008523314379e-02,-1.302453568859e-01,+4.398399064736e-01,-8.359680819665e-02 },
  {+6.959705983123e-02,-1.809853588962e-01,-8.359680819665e-02,+3.838361789181e-01 }   }
}
    main loop time = 0.000000
        total time = 0.000000
  file   read time = 0.000000
