SDPA-QD start at Thu May 29 01:12:57 2025
data      is input_sdpa.dat
parameter is ./param.sdpa
out       is output_sdpa.dat
DENSE computation
   mu      thetaP  thetaD  objP      objD      alphaP  alphaD  beta 
 0 1.0e+08 1.0e+00 1.0e+00 -0.00e+00 +1.00e+04 9.0e-01 9.0e-01 3.00e-01
 1 1.5e+07 1.0e-01 1.0e-01 +1.15e+05 -1.34e+04 9.0e-01 9.0e-01 3.00e-01
 2 2.4e+06 1.0e-02 9.9e-03 +1.89e+05 -2.35e+04 9.0e-01 9.1e-01 3.00e-01
 3 3.7e+05 1.0e-03 9.0e-04 +2.88e+05 -3.66e+04 9.0e-01 1.0e+00 3.00e-01
 4 5.7e+04 9.8e-05 8.0e-08 +3.89e+05 -5.84e+04 9.2e-01 1.0e+00 3.00e-01
 5 1.0e+04 8.2e-06 3.4e-64 +1.59e+05 -9.03e+04 1.0e+00 1.0e+00 3.00e-01
 6 2.3e+03 1.7e-64 6.7e-64 +2.50e+04 -1.17e+05 9.7e-01 1.0e+00 1.00e-01
 7 2.3e+02 1.6e-64 3.8e-64 +2.51e+03 -1.17e+04 9.7e-01 1.0e+00 1.00e-01
 8 2.3e+01 1.6e-64 8.7e-65 +2.51e+02 -1.17e+03 9.7e-01 1.0e+00 1.00e-01
 9 2.3e+00 1.6e-64 7.7e-66 +2.52e+01 -1.17e+02 9.6e-01 1.0e+00 1.00e-01
10 2.3e-01 1.6e-64 8.6e-67 +2.68e+00 -1.17e+01 9.4e-01 1.0e+00 1.00e-01
11 2.5e-02 1.6e-64 7.6e-68 +3.71e-01 -1.17e+00 9.5e-01 1.0e+00 1.00e-01
12 2.5e-03 1.6e-64 2.5e-68 +3.92e-02 -1.17e-01 9.5e-01 1.0e+00 1.00e-01
13 2.5e-04 1.6e-64 7.6e-68 +4.24e-03 -1.17e-02 9.5e-01 1.0e+00 1.00e-01
14 2.5e-05 1.6e-64 3.4e-68 +4.27e-04 -1.17e-03 9.5e-01 1.0e+00 1.00e-01
15 2.5e-06 1.6e-64 3.2e-68 +4.29e-05 -1.17e-04 9.5e-01 1.0e+00 1.00e-01
16 2.5e-07 1.6e-64 1.4e-68 +4.30e-06 -1.17e-05 9.5e-01 1.0e+00 1.00e-01
17 2.6e-08 1.6e-64 8.1e-68 +4.36e-07 -1.17e-06 9.4e-01 1.0e+00 1.00e-01
18 2.6e-09 1.6e-64 2.8e-65 +4.90e-08 -1.18e-07 8.6e-01 9.9e-01 1.00e-01
19 3.9e-10 1.6e-64 3.6e-62 +9.38e-09 -1.52e-08 8.0e-01 8.6e-01 1.00e-01
20 9.6e-11 1.6e-64 1.7e-60 +1.86e-09 -4.19e-09 9.3e-01 9.7e-01 1.00e-01
21 1.3e-11 1.6e-64 9.1e-61 +2.42e-10 -5.76e-10 9.4e-01 9.9e-01 1.00e-01
22 1.6e-12 1.6e-64 8.7e-61 +2.64e-11 -7.34e-11 9.4e-01 1.0e+00 1.00e-01
23 1.7e-13 1.6e-64 3.1e-60 +2.86e-12 -7.54e-12 9.4e-01 1.0e+00 1.00e-01
24 1.7e-14 1.6e-64 2.5e-59 +3.00e-13 -7.55e-13 9.4e-01 1.0e+00 1.00e-01
25 1.7e-15 1.6e-64 1.6e-58 +3.08e-14 -7.56e-14 9.4e-01 1.0e+00 1.00e-01
26 1.7e-16 1.6e-64 1.3e-57 +3.16e-15 -7.56e-15 9.3e-01 1.0e+00 1.00e-01
27 1.8e-17 1.6e-64 1.5e-56 +3.71e-16 -7.55e-16 8.5e-01 1.0e+00 1.00e-01
28 2.6e-18 1.6e-64 2.9e-54 +8.86e-17 -7.38e-17 8.4e-01 6.9e-01 1.00e-01
29 8.7e-19 1.6e-64 5.0e-52 +5.08e-17 -3.99e-18 5.5e-01 8.6e-01 1.00e-01
30 3.9e-19 1.6e-64 3.7e-50 +2.95e-17 +5.17e-18 6.2e-01 7.5e-01 1.00e-01
31 1.6e-19 1.6e-64 9.4e-50 +1.98e-17 +9.87e-18 7.1e-01 9.0e-01 1.00e-01
32 5.0e-20 1.6e-64 4.8e-50 +1.51e-17 +1.19e-17 9.4e-01 8.9e-01 1.00e-01
33 8.1e-21 1.6e-64 7.3e-50 +1.30e-17 +1.25e-17 9.7e-01 9.3e-01 1.00e-01
34 1.1e-21 1.6e-64 1.1e-49 +1.27e-17 +1.26e-17 1.0e+00 9.3e-01 1.00e-01
35 1.2e-22 1.6e-64 6.5e-50 +1.26e-17 +1.26e-17 1.0e+00 9.4e-01 1.00e-01
36 1.3e-23 1.6e-64 1.3e-49 +1.26e-17 +1.26e-17 1.0e+00 9.4e-01 1.00e-01
37 1.3e-24 1.6e-64 8.6e-50 +1.26e-17 +1.26e-17 1.0e+00 9.4e-01 1.00e-01
38 1.3e-25 1.6e-64 5.9e-50 +1.26e-17 +1.26e-17 1.0e+00 9.4e-01 1.00e-01
39 1.3e-26 1.6e-64 1.7e-49 +1.26e-17 +1.26e-17 1.0e+00 9.4e-01 1.00e-01
40 1.3e-27 1.6e-64 1.0e-49 +1.26e-17 +1.26e-17 1.0e+00 9.4e-01 1.00e-01
41 1.3e-28 1.6e-64 1.0e-49 +1.26e-17 +1.26e-17 1.0e+00 9.4e-01 1.00e-01
42 1.3e-29 1.6e-64 8.9e-50 +1.26e-17 +1.26e-17 1.0e+00 9.4e-01 1.00e-01
43 1.3e-30 1.6e-64 2.0e-49 +1.26e-17 +1.26e-17 1.0e+00 9.4e-01 1.00e-01
44 1.3e-31 1.6e-64 6.2e-50 +1.26e-17 +1.26e-17 1.0e+00 9.4e-01 1.00e-01
45 1.4e-32 1.6e-64 8.5e-50 +1.26e-17 +1.26e-17 1.0e+00 9.4e-01 1.00e-01

phase.value = pdOPT     
   Iteration = 45
          mu = 1.3546693188594705e-32
relative gap = 8.5344167088146755e-31
         gap = 8.5344167088146650e-31
      digits = 1.3169301808802398e+01
objValPrimal = 1.2603049821435467e-17
objValDual   = 1.2603049821434615e-17
p.feas.error = 1.5774601549193812e-60
d.feas.error = 1.7024830041127363e-45
relative eps = 1.2154326714572501e-63
total time   = 0.260


Parameters are
maxIteration =    1000
epsilonStar  = 1.000e-30
lambdaStar   = 1.000e+04
omegaStar    = 2.000e+00
lowerBound   = -1.000e+05
upperBound   = 1.000e+05
betaStar     = 1.000e-01
betaBar      = 3.000e-01
gammaStar    = 9.000e-01
epsilonDash  = 1.000e-30

                         Time(sec)  Ratio(% : MainLoop) 
 Predictor time  =       0.190000,  76.000000
 Corrector time  =       0.010000,  4.000000
 Make bMat time  =       0.060000,  24.000000
 Make bDia time  =       0.000000,  0.000000
 Make bF1  time  =       0.060000,  24.000000
 Make bF2  time  =       0.000000,  0.000000
 Make bF3  time  =       0.000000,  0.000000
 Make bPRE time  =       0.010000,  4.000000
 Make rMat time  =       0.000000,  0.000000
 Make gVec Mul   =       0.000000,  0.000000
 Make gVec time  =       0.000000,  0.000000
 Cholesky bMat   =       0.110000,  44.000000
 Ste Pre time    =       0.000000,  0.000000
 Ste Cor time    =       0.020000,  8.000000
 solve           =       0.020000,  8.000000
 sumDz           =       0.010000,  4.000000
 makedX          =       0.000000,  0.000000
 symmetriseDx    =       0.000000,  0.000000
 makedXdZ        =       0.010000,  4.000000
 xMatTime        =       0.010000,  4.000000
 zMatTime        =       0.010000,  4.000000
 invzMatTime     =       0.000000,  0.000000
 xMatzMatTime    =       0.000000,  0.000000
 EigxMatTime     =       0.010000,  4.000000
 EigzMatTime     =       0.010000,  4.000000
 EigxMatzMatTime =       0.000000,  0.000000
 updateRes       =       0.010000,  4.000000
 EigTime         =       0.020000,  8.000000
 sub_total_bMat  =       0.190000,  76.000000
 Main Loop       =       0.250000,  100.000000
 File Check      =       0.000000,  0.000000
 File Change     =       0.000000,  0.000000
 File Read       =       0.010000,  4.000000
 Total           =       0.260000,  104.000000

xVec = 
{9.74105346647903723610275571386688244748560103908760308974827787e-19,8.62146326189972023167822441280390083212981577794579800004415357e-19,1.62440301567381494788789747434105662794949480546718918334475186e-18,2.84087022220604319335439206572804458129039539267889886409115126e-18,9.16417670025239915311547654208860259488379907984530926261481547e-19,-1.25791083256279642551056034179597452216823412576626964621668872e-18,-1.66352242923974560663387798201818694482662859264283340315162748e-18,-1.18341585768278324516531936817935454204591072135683739408140701e-18,-1.56500665342272899317010333595329092193863561747507275654939924e-18,2.14818950655881669860754184114389294524203845994753627894981873e-18,1.28231610774170448969003076696749612555118719695764677763517360e-16,3.03962794035543472101826458321592226038613123931568566756311742e-16,3.58749483376384135264055193136004188790517106097998275732814162e-16,3.98051100741341047085306853251578379343157519061464183245772548e-16,2.32568725268223426294469256942453424692099828489784023153060092e-16,2.63510116409999883445580665353837316383290288993620212432229460e-16,2.04563314101222321402795560350787448515990893556011197869301824e-15,2.93950644552397524060673449498222519139269535455886906261581535e-16,2.78163278046376766306211956967955868950174256084947630532886150e-16,7.30485190049559133144942495375185826410208994251925772969216907e-16,1.14977923691896822947085589476892586330497813647634871651616667e-16,2.72423257394994206567585709831617604003286359919761726760732226e-16,2.01021736630931005270643893805490365863852364169554024299496484e-16,2.77627203530055072861631113914301223692601213174577232252007819e-16,8.88272160346961533689755199092589004558254715312450626551944513e-16,1.66102467731455778989690734733966512635174295236991623602217409e-16,1.57094972259973072465539281785490245198803094431049679720788481e-16,1.68602329697391599923553255178427246800142162391100834499761974e-01,2.56033407195331459198143410005697383860928419653413229829241850e-16,1.68779831499250677063334727833706779639498368347346186409542707e-16,7.28440557336367680582685883952379513390581639245759991985534431e-16,1.48105410554968927871692418118592010028468578814949156039709431e-16,3.78807346160857565977641093360162032555089907160265693832408216e-16,3.58256675916075207610812080346531432610257958127711916499494186e-16,7.33342276325298336029158615896439878246975728834795369228314921e-16,4.30618669112295282057084943879850161067177382334222391126771413e-16,1.74142477878446017529330076630395287320287138528573283497170108e-16,1.67098899901188827199990495261547576089671598723505392420219422e-16,4.84105991880369604271965425721861055932390701297273393913315736e-16,6.25269800752970220896013555657783414555149690634108467084018713e-16,1.55803610349418520930242278068104666849332203388338660833978164e-16,2.56362790318683729786532404643760261571056478261722710863676192e-16,6.34689154099071225223992758415141308365485911876060395632876395e-01,9.92737320648506658080893066783009202572881547285884616261252826e-17,1.01065695233540181751024271153104500799850113435252287192128096e-15,1.84702014593207108830747259529121710496712652303495315574536860e-16,2.92498228807907143035669801573350859370930934405379734525569426e-16,6.86778268919161216430797984698955903201119666677757603702304718e-16,3.15904894941194017522106703712493220853183757897353257197528162e-16,1.70981664745440317749133822761902509705560543334739540028306100e-16,1.60951715358364818807092015708251422866934993671313543301674148e-16,1.85197187273583084063611882453524792158417489623601227124715352e-16,3.76943775962067536066787264757720483264759655165437934748545211e-16,1.47681755387275707940785278863034188025687053944133412548976610e-01,2.30372725635507865314389272420660551621544377129001184785412034e-16,3.39929072375541312606217537016901896760733234936226556913716924e-16,5.02514637969314937326424246727933742925182105553019424905599493e-16,4.90267608162416664197509284424359746048572398002857197854341472e-02,2.65965683125258035299105698444213516140610818200171237525591984e-16,1.39280510276783713527694932238942770351779241318842255126387199e-15,1.62214257845386159411428761913184150884474134456072332740313971e-16,1.45873856728530052651103596609668737406410491504771167133033056e-16,1.77656792685074790801799063277207327767723829590707724319635825e-16,9.23277802611464343595797722987417746311413998944255645033557097e-16}
xMat = 
{
{ {+9.741053466479e-19,+9.164176700252e-19,-1.257910832563e-18,-1.663522429240e-18 },
  {+9.164176700252e-19,+8.621463261900e-19,-1.183415857683e-18,-1.565006653423e-18 },
  {-1.257910832563e-18,-1.183415857683e-18,+1.624403015674e-18,+2.148189506559e-18 },
  {-1.663522429240e-18,-1.565006653423e-18,+2.148189506559e-18,+2.840870222206e-18 }   }
{ {+1.252192513524e-18,-1.588180765243e-18,-1.362205588261e-19,-3.866264803951e-20 },
  {-1.588180765243e-18,+2.907810337893e-18,+8.030792181437e-19,+6.462875863874e-20 },
  {-1.362205588261e-19,+8.030792181437e-19,+1.528681673144e-18,-7.933060520383e-19 },
  {-3.866264803951e-20,+6.462875863874e-20,-7.933060520383e-19,+6.128403861525e-19 }   }
{+1.282316107742e-16,+3.039627940355e-16,+3.587494833764e-16,+3.980511007413e-16,+2.325687252682e-16,+2.635101164100e-16,+2.045633141012e-15,+2.939506445524e-16,+2.781632780464e-16,+7.304851900496e-16,+1.149779236919e-16,+2.724232573950e-16,+2.010217366309e-16,+2.776272035301e-16,+8.882721603470e-16,+1.661024677315e-16,+1.570949722600e-16,+1.686023296974e-01,+2.560334071953e-16,+1.687798314993e-16,+7.284405573364e-16,+1.481054105550e-16,+3.788073461609e-16,+3.582566759161e-16,+7.333422763253e-16,+4.306186691123e-16,+1.741424778784e-16,+1.670988999012e-16,+4.841059918804e-16,+6.252698007530e-16,+1.558036103494e-16,+2.563627903187e-16,+6.346891540991e-01,+9.927373206485e-17,+1.010656952335e-15,+1.847020145932e-16,+2.924982288079e-16,+6.867782689192e-16,+3.159048949412e-16,+1.709816647454e-16,+1.609517153584e-16,+1.851971872736e-16,+3.769437759621e-16,+1.476817553873e-01,+2.303727256355e-16,+3.399290723755e-16,+5.025146379693e-16,+4.902676081624e-02,+2.659656831253e-16,+1.392805102768e-15,+1.622142578454e-16,+1.458738567285e-16,+1.776567926851e-16,+9.232778026115e-16}
{+2.678125911372e-33}
}
yMat = 
{
{ {+1.690835041649e+00,-2.908558438517e-01,+3.992401314548e-01,+5.279745645036e-01 },
  {-2.908558438517e-01,+1.726368983232e+00,+3.755966586678e-01,+4.967072863305e-01 },
  {+3.992401314548e-01,+3.755966586678e-01,+1.484441304686e+00,-6.817998898118e-01 },
  {+5.279745645036e-01,+4.967072863305e-01,-6.817998898118e-01,+1.098354670433e+00 }   }
{ {+3.091649583508e-01,+2.908558438517e-01,-3.992401314548e-01,-5.279745645036e-01 },
  {+2.908558438517e-01,+2.736310167683e-01,-3.755966586678e-01,-4.967072863305e-01 },
  {-3.992401314548e-01,-3.755966586678e-01,+5.155586953137e-01,+6.817998898118e-01 },
  {-5.279745645036e-01,-4.967072863305e-01,+6.817998898118e-01,+9.016453295673e-01 }   }
{+8.354027222278e-17,+3.524281228327e-17,+2.986068040838e-17,+2.691238303621e-17,+4.606166909968e-17,+4.065310214527e-17,+5.236766756753e-18,+3.644320525073e-17,+3.851156682295e-17,+1.466491560470e-17,+9.317009152408e-17,+3.932301440251e-17,+5.329027524342e-17,+3.858592937270e-17,+1.205993405106e-17,+6.449334448209e-17,+6.819125725157e-17,+1.968606621982e-31,+4.184025742984e-17,+6.347028297708e-17,+1.470607802776e-17,+7.233026550034e-17,+2.827955629806e-17,+2.990175597671e-17,+1.460778142346e-17,+2.487700706317e-17,+6.151574157453e-17,+6.410876243186e-17,+2.212842614003e-17,+1.713261010774e-17,+6.875645336565e-17,+4.178649981821e-17,+5.224237928624e-32,+1.079087432882e-16,+1.059954487823e-17,+5.799884584909e-17,+3.662416594802e-17,+1.559819837514e-17,+3.391053397948e-17,+6.265293816559e-17,+6.655725069369e-17,+5.784377089694e-17,+2.841936744096e-17,+2.241465851298e-31,+4.650074631100e-17,+3.151393787644e-17,+2.131779427316e-17,+6.746911501460e-31,+4.027776645189e-17,+7.691315671980e-18,+6.603922373407e-17,+7.343676181263e-17,+6.029886899737e-17,+1.160268738328e-17}
{+4.000000000000e+00}
}
    main loop time = 0.250000
        total time = 0.260000
  file   read time = 0.010000
